# wavelength [nm]	sigma_a [cm2]
8.00000e+02	1.87528e-23
8.00350e+02	2.00945e-23
8.00700e+02	2.00427e-23
8.01050e+02	1.89429e-23
8.01400e+02	1.71404e-23
8.01750e+02	1.08224e-23
8.02100e+02	1.41577e-23
8.02450e+02	1.28740e-23
8.02800e+02	9.69660e-24
8.03150e+02	1.03337e-23
8.03500e+02	1.18754e-23
8.03850e+02	1.32216e-23
8.04200e+02	1.50916e-23
8.04550e+02	1.39622e-23
8.04900e+02	1.28429e-23
8.05250e+02	1.05815e-23
8.05600e+02	8.81388e-24
8.05950e+02	9.26306e-24
8.06300e+02	1.04604e-23
8.06650e+02	1.21385e-23
8.07000e+02	1.48088e-23
8.07350e+02	1.78169e-23
8.07700e+02	2.04879e-23
8.08050e+02	2.18380e-23
8.08400e+02	2.21186e-23
8.08750e+02	2.28746e-23
8.09100e+02	2.24577e-23
8.09450e+02	1.88912e-23
8.09800e+02	1.51993e-23
8.10150e+02	1.39103e-23
8.10500e+02	1.35888e-23
8.10850e+02	1.40622e-23
8.11200e+02	1.63726e-23
8.11550e+02	1.94934e-23
8.11900e+02	2.15801e-23
8.12250e+02	2.12464e-23
8.12600e+02	1.89085e-23
8.12950e+02	1.70064e-23
8.13300e+02	1.58254e-23
8.13650e+02	1.39971e-23
8.14000e+02	1.32398e-23
8.14350e+02	1.49371e-23
8.14700e+02	1.66602e-23
8.15050e+02	1.74325e-23
8.15400e+02	1.90333e-23
8.15750e+02	2.13594e-23
8.16100e+02	2.25801e-23
8.16450e+02	2.18753e-23
8.16800e+02	2.00202e-23
8.17150e+02	1.85363e-23
8.17500e+02	1.74209e-23
8.17850e+02	1.56447e-23
8.18200e+02	1.42750e-23
8.18550e+02	1.46511e-23
8.18900e+02	1.56398e-23
8.19250e+02	1.64132e-23
8.19600e+02	1.77332e-23
8.19950e+02	1.95555e-23
8.20300e+02	2.08320e-23
8.20650e+02	2.06804e-23
8.21000e+02	1.93505e-23
8.21350e+02	1.83742e-23
8.21700e+02	1.78809e-23
8.22050e+02	1.64993e-23
8.22400e+02	1.52111e-23
8.22750e+02	1.57358e-23
8.23100e+02	1.67924e-23
8.23450e+02	1.71593e-23
8.23800e+02	1.77322e-23
8.24150e+02	1.86301e-23
8.24500e+02	1.92741e-23
8.24850e+02	1.96221e-23
8.25200e+02	1.91405e-23
8.25550e+02	1.75802e-23
8.25900e+02	1.55140e-23
8.26250e+02	1.30896e-23
8.26600e+02	1.08729e-23
8.26950e+02	9.85131e-24
8.27300e+02	9.51742e-24
8.27650e+02	9.26313e-24
8.28000e+02	9.74115e-24
8.28350e+02	1.10496e-23
8.28700e+02	1.26686e-23
8.29050e+02	1.40028e-23
8.29400e+02	1.37960e-23
8.29750e+02	1.19582e-23
8.30100e+02	9.95719e-24
8.30450e+02	8.03847e-24
8.30800e+02	6.00350e-24
8.31150e+02	4.22990e-24
8.31500e+02	2.88155e-24
8.31850e+02	3.42558e-24
8.32200e+02	4.14979e-24
8.32550e+02	3.43298e-24
8.32900e+02	2.58884e-24
8.33250e+02	2.67400e-24
8.33600e+02	2.79046e-24
8.33950e+02	2.78647e-24
8.34300e+02	2.25960e-24
8.34650e+02	1.91457e-24
8.35000e+02	1.53160e-24
8.35350e+02	1.53051e-24
8.35700e+02	2.39777e-24
8.36050e+02	3.76712e-24
8.36400e+02	4.58905e-24
8.36750e+02	4.48817e-24
8.37100e+02	4.24892e-24
8.37450e+02	3.39230e-24
8.37800e+02	2.87878e-24
8.38150e+02	2.65145e-24
8.38500e+02	3.86304e-24
8.38850e+02	5.32108e-24
8.39200e+02	6.47149e-24
8.39550e+02	6.19084e-24
8.39900e+02	4.93512e-24
8.40250e+02	3.65367e-24
8.40600e+02	3.54515e-24
8.40950e+02	3.82434e-24
8.41300e+02	4.31815e-24
8.41650e+02	5.44068e-24
8.42000e+02	7.16280e-24
8.42350e+02	8.49545e-24
8.42700e+02	7.71358e-24
8.43050e+02	6.96208e-24
8.43400e+02	8.15444e-24
8.43750e+02	1.06699e-23
8.44100e+02	1.22520e-23
8.44450e+02	1.49315e-23
8.44800e+02	1.97506e-23
8.45150e+02	2.49641e-23
8.45500e+02	3.12576e-23
8.45850e+02	3.84407e-23
8.46200e+02	4.31419e-23
8.46550e+02	4.51497e-23
8.46900e+02	4.61772e-23
8.47250e+02	4.52103e-23
8.47600e+02	4.24245e-23
8.47950e+02	4.01431e-23
8.48300e+02	3.91170e-23
8.48650e+02	3.80056e-23
8.49000e+02	3.50799e-23
8.49350e+02	2.68830e-23
8.49700e+02	1.75287e-23
8.50050e+02	1.15671e-23
8.50400e+02	6.75372e-24
8.50750e+02	3.62275e-24
8.51100e+02	6.29689e-24
8.51450e+02	9.56917e-24
8.51800e+02	1.11566e-23
8.52150e+02	1.09142e-23
8.52500e+02	8.76650e-24
8.52850e+02	6.64079e-24
8.53200e+02	6.35212e-24
8.53550e+02	5.78975e-24
8.53900e+02	5.99598e-24
8.54250e+02	8.29424e-24
8.54600e+02	9.09208e-24
8.54950e+02	9.82106e-24
8.55300e+02	8.84352e-24
8.55650e+02	6.95741e-24
8.56000e+02	5.64859e-24
8.56350e+02	5.43184e-24
8.56700e+02	4.21637e-24
8.57050e+02	3.23566e-24
8.57400e+02	3.59238e-24
8.57750e+02	4.41849e-24
8.58100e+02	4.77434e-24
8.58450e+02	4.11754e-24
8.58800e+02	3.09478e-24
8.59150e+02	2.91079e-24
8.59500e+02	2.64762e-24
8.59850e+02	1.91598e-24
8.60200e+02	1.56976e-24
8.60550e+02	2.22268e-24
8.60900e+02	3.90391e-24
8.61250e+02	6.33521e-24
8.61600e+02	8.98261e-24
8.61950e+02	1.11342e-23
8.62300e+02	1.28118e-23
8.62650e+02	1.39224e-23
8.63000e+02	1.36202e-23
8.63350e+02	1.19271e-23
8.63700e+02	1.26077e-23
8.64050e+02	1.78412e-23
8.64400e+02	2.48315e-23
8.64750e+02	3.18412e-23
8.65100e+02	3.95718e-23
8.65450e+02	4.72579e-23
8.65800e+02	5.21196e-23
8.66150e+02	5.11623e-23
8.66500e+02	4.51538e-23
8.66850e+02	3.93030e-23
8.67200e+02	3.57185e-23
8.67550e+02	3.24055e-23
8.67900e+02	3.10746e-23
8.68250e+02	3.46190e-23
8.68600e+02	4.04143e-23
8.68950e+02	4.45399e-23
8.69300e+02	4.56206e-23
8.69650e+02	4.39625e-23
8.70000e+02	4.32761e-23
8.70350e+02	4.74352e-23
8.70700e+02	5.42314e-23
8.71050e+02	5.94794e-23
8.71400e+02	6.31679e-23
8.71750e+02	6.72384e-23
8.72100e+02	7.12723e-23
8.72450e+02	7.19858e-23
8.72800e+02	6.83224e-23
8.73150e+02	6.52679e-23
8.73500e+02	6.58264e-23
8.73850e+02	6.54002e-23
8.74200e+02	6.23588e-23
8.74550e+02	6.20834e-23
8.74900e+02	6.61898e-23
8.75250e+02	7.07717e-23
8.75600e+02	7.33809e-23
8.75950e+02	7.32375e-23
8.76300e+02	7.11554e-23
8.76650e+02	7.11755e-23
8.77000e+02	7.60826e-23
8.77350e+02	8.45012e-23
8.77700e+02	9.40822e-23
8.78050e+02	1.02517e-22
8.78400e+02	1.07776e-22
8.78750e+02	1.09315e-22
8.79100e+02	1.07430e-22
8.79450e+02	1.04144e-22
8.79800e+02	1.03472e-22
8.80150e+02	1.06130e-22
8.80500e+02	1.08585e-22
8.80850e+02	1.10069e-22
8.81200e+02	1.12954e-22
8.81550e+02	1.16780e-22
8.81900e+02	1.19153e-22
8.82250e+02	1.20515e-22
8.82600e+02	1.22785e-22
8.82950e+02	1.25858e-22
8.83300e+02	1.28890e-22
8.83650e+02	1.32570e-22
8.84000e+02	1.37858e-22
8.84350e+02	1.44728e-22
8.84700e+02	1.52705e-22
8.85050e+02	1.60380e-22
8.85400e+02	1.66150e-22
8.85750e+02	1.70829e-22
8.86100e+02	1.75928e-22
8.86450e+02	1.80559e-22
8.86800e+02	1.84058e-22
8.87150e+02	1.87686e-22
8.87500e+02	1.91772e-22
8.87850e+02	1.96012e-22
8.88200e+02	2.00886e-22
8.88550e+02	2.05740e-22
8.88900e+02	2.09860e-22
8.89250e+02	2.14588e-22
8.89600e+02	2.20307e-22
8.89950e+02	2.25731e-22
8.90300e+02	2.31461e-22
8.90650e+02	2.38835e-22
8.91000e+02	2.47141e-22
8.91350e+02	2.55252e-22
8.91700e+02	2.62936e-22
8.92050e+02	2.70843e-22
8.92400e+02	2.80726e-22
8.92750e+02	2.92958e-22
8.93100e+02	3.05362e-22
8.93450e+02	3.17096e-22
8.93800e+02	3.29172e-22
8.94150e+02	3.40578e-22
8.94500e+02	3.49438e-22
8.94850e+02	3.56802e-22
8.95200e+02	3.65339e-22
8.95550e+02	3.76470e-22
8.95900e+02	3.90108e-22
8.96250e+02	4.05157e-22
8.96600e+02	4.20617e-22
8.96950e+02	4.36321e-22
8.97300e+02	4.51689e-22
8.97650e+02	4.65826e-22
8.98000e+02	4.79375e-22
8.98350e+02	4.93223e-22
8.98700e+02	5.06463e-22
8.99050e+02	5.18511e-22
8.99400e+02	5.30608e-22
8.99750e+02	5.43818e-22
9.00100e+02	5.58416e-22
9.00450e+02	5.74674e-22
9.00800e+02	5.92717e-22
9.01150e+02	6.13011e-22
9.01500e+02	6.35518e-22
9.01850e+02	6.57747e-22
9.02200e+02	6.77673e-22
9.02550e+02	6.96950e-22
9.02900e+02	7.17298e-22
9.03250e+02	7.37988e-22
9.03600e+02	7.58616e-22
9.03950e+02	7.80232e-22
9.04300e+02	8.04700e-22
9.04650e+02	8.33039e-22
9.05000e+02	8.62438e-22
9.05350e+02	8.89748e-22
9.05700e+02	9.16621e-22
9.06050e+02	9.44346e-22
9.06400e+02	9.70895e-22
9.06750e+02	9.97421e-22
9.07100e+02	1.02662e-21
9.07450e+02	1.05664e-21
9.07800e+02	1.08542e-21
9.08150e+02	1.11311e-21
9.08500e+02	1.13898e-21
9.08850e+02	1.16407e-21
9.09200e+02	1.19102e-21
9.09550e+02	1.21979e-21
9.09900e+02	1.25088e-21
9.10250e+02	1.28624e-21
9.10600e+02	1.32359e-21
9.10950e+02	1.35956e-21
9.11300e+02	1.39356e-21
9.11650e+02	1.42491e-21
9.12000e+02	1.45606e-21
9.12350e+02	1.49166e-21
9.12700e+02	1.52844e-21
9.13050e+02	1.56171e-21
9.13400e+02	1.59711e-21
9.13750e+02	1.63863e-21
9.14100e+02	1.67894e-21
9.14450e+02	1.71224e-21
9.14800e+02	1.74137e-21
9.15150e+02	1.77125e-21
9.15500e+02	1.80327e-21
9.15850e+02	1.83396e-21
9.16200e+02	1.86162e-21
9.16550e+02	1.89139e-21
9.16900e+02	1.92529e-21
9.17250e+02	1.95800e-21
9.17600e+02	1.98798e-21
9.17950e+02	2.01766e-21
9.18300e+02	2.04660e-21
9.18650e+02	2.07549e-21
9.19000e+02	2.10643e-21
9.19350e+02	2.13727e-21
9.19700e+02	2.16558e-21
9.20050e+02	2.19239e-21
9.20400e+02	2.21884e-21
9.20750e+02	2.24559e-21
9.21100e+02	2.27222e-21
9.21450e+02	2.29701e-21
9.21800e+02	2.32096e-21
9.22150e+02	2.34519e-21
9.22500e+02	2.36647e-21
9.22850e+02	2.38313e-21
9.23200e+02	2.39736e-21
9.23550e+02	2.40965e-21
9.23900e+02	2.42056e-21
9.24250e+02	2.43196e-21
9.24600e+02	2.44289e-21
9.24950e+02	2.45199e-21
9.25300e+02	2.46029e-21
9.25650e+02	2.46837e-21
9.26000e+02	2.47715e-21
9.26350e+02	2.48658e-21
9.26700e+02	2.49286e-21
9.27050e+02	2.49597e-21
9.27400e+02	2.50134e-21
9.27750e+02	2.50858e-21
9.28100e+02	2.51252e-21
9.28450e+02	2.51313e-21
9.28800e+02	2.51284e-21
9.29150e+02	2.51171e-21
9.29500e+02	2.50848e-21
9.29850e+02	2.50167e-21
9.30200e+02	2.49384e-21
9.30550e+02	2.49059e-21
9.30900e+02	2.49105e-21
9.31250e+02	2.49025e-21
9.31600e+02	2.48862e-21
9.31950e+02	2.48828e-21
9.32300e+02	2.48931e-21
9.32650e+02	2.49218e-21
9.33000e+02	2.49555e-21
9.33350e+02	2.49889e-21
9.33700e+02	2.50697e-21
9.34050e+02	2.52045e-21
9.34400e+02	2.53284e-21
9.34750e+02	2.54222e-21
9.35100e+02	2.55075e-21
9.35450e+02	2.55733e-21
9.35800e+02	2.56112e-21
9.36150e+02	2.56263e-21
9.36500e+02	2.56233e-21
9.36850e+02	2.56453e-21
9.37200e+02	2.57191e-21
9.37550e+02	2.58010e-21
9.37900e+02	2.58795e-21
9.38250e+02	2.60013e-21
9.38600e+02	2.61624e-21
9.38950e+02	2.63222e-21
9.39300e+02	2.64709e-21
9.39650e+02	2.65994e-21
9.40000e+02	2.66992e-21
9.40350e+02	2.67793e-21
9.40700e+02	2.68368e-21
9.41050e+02	2.68875e-21
9.41400e+02	2.69778e-21
9.41750e+02	2.71042e-21
9.42100e+02	2.72286e-21
9.42450e+02	2.73604e-21
9.42800e+02	2.75113e-21
9.43150e+02	2.76527e-21
9.43500e+02	2.77794e-21
9.43850e+02	2.79158e-21
9.44200e+02	2.80648e-21
9.44550e+02	2.82149e-21
9.44900e+02	2.83614e-21
9.45250e+02	2.85007e-21
9.45600e+02	2.86284e-21
9.45950e+02	2.87430e-21
9.46300e+02	2.88536e-21
9.46650e+02	2.89783e-21
9.47000e+02	2.91146e-21
9.47350e+02	2.92395e-21
9.47700e+02	2.93474e-21
9.48050e+02	2.94470e-21
9.48400e+02	2.95442e-21
9.48750e+02	2.96503e-21
9.49100e+02	2.97737e-21
9.49450e+02	2.99092e-21
9.49800e+02	3.00497e-21
9.50150e+02	3.01789e-21
9.50500e+02	3.02748e-21
9.50850e+02	3.03433e-21
9.51200e+02	3.04075e-21
9.51550e+02	3.04709e-21
9.51900e+02	3.05285e-21
9.52250e+02	3.05833e-21
9.52600e+02	3.06370e-21
9.52950e+02	3.06907e-21
9.53300e+02	3.07435e-21
9.53650e+02	3.07927e-21
9.54000e+02	3.08512e-21
9.54350e+02	3.09292e-21
9.54700e+02	3.10053e-21
9.55050e+02	3.10614e-21
9.55400e+02	3.11083e-21
9.55750e+02	3.11493e-21
9.56100e+02	3.11752e-21
9.56450e+02	3.11913e-21
9.56800e+02	3.11994e-21
9.57150e+02	3.11870e-21
9.57500e+02	3.11564e-21
9.57850e+02	3.11228e-21
9.58200e+02	3.10880e-21
9.58550e+02	3.10453e-21
9.58900e+02	3.09967e-21
9.59250e+02	3.09523e-21
9.59600e+02	3.09160e-21
9.59950e+02	3.08722e-21
9.60300e+02	3.08085e-21
9.60650e+02	3.07440e-21
9.61000e+02	3.06995e-21
9.61350e+02	3.06606e-21
9.61700e+02	3.06090e-21
9.62050e+02	3.05574e-21
9.62400e+02	3.05257e-21
9.62750e+02	3.05134e-21
9.63100e+02	3.05110e-21
9.63450e+02	3.05227e-21
9.63800e+02	3.05647e-21
9.64150e+02	3.06413e-21
9.64500e+02	3.07383e-21
9.64850e+02	3.08489e-21
9.65200e+02	3.09870e-21
9.65550e+02	3.11656e-21
9.65900e+02	3.13839e-21
9.66250e+02	3.16373e-21
9.66600e+02	3.19289e-21
9.66950e+02	3.22774e-21
9.67300e+02	3.27033e-21
9.67650e+02	3.32089e-21
9.68000e+02	3.37999e-21
9.68350e+02	3.45144e-21
9.68700e+02	3.53942e-21
9.69050e+02	3.64573e-21
9.69400e+02	3.77434e-21
9.69750e+02	3.93545e-21
9.70100e+02	4.14396e-21
9.70450e+02	4.41754e-21
9.70800e+02	4.77755e-21
9.71150e+02	5.24721e-21
9.71500e+02	5.84667e-21
9.71850e+02	6.58975e-21
9.72200e+02	7.46719e-21
9.72550e+02	8.43133e-21
9.72900e+02	9.42392e-21
9.73250e+02	1.03815e-20
9.73600e+02	1.12214e-20
9.73950e+02	1.18790e-20
9.74300e+02	1.23168e-20
9.74650e+02	1.25164e-20
9.75000e+02	1.24920e-20
9.75350e+02	1.22566e-20
9.75700e+02	1.18230e-20
9.76050e+02	1.12417e-20
9.76400e+02	1.05636e-20
9.76750e+02	9.81673e-21
9.77100e+02	9.04106e-21
9.77450e+02	8.27820e-21
9.77800e+02	7.55955e-21
9.78150e+02	6.91003e-21
9.78500e+02	6.33159e-21
9.78850e+02	5.81224e-21
9.79200e+02	5.34918e-21
9.79550e+02	4.94775e-21
9.79900e+02	4.60748e-21
9.80250e+02	4.31286e-21
9.80600e+02	4.04215e-21
9.80950e+02	3.78968e-21
9.81300e+02	3.56990e-21
9.81650e+02	3.39274e-21
9.82000e+02	3.24385e-21
9.82350e+02	3.09663e-21
9.82700e+02	2.94001e-21
9.83050e+02	2.78822e-21
9.83400e+02	2.66221e-21
9.83750e+02	2.56612e-21
9.84100e+02	2.48644e-21
9.84450e+02	2.41084e-21
9.84800e+02	2.34002e-21
9.85150e+02	2.27927e-21
9.85500e+02	2.22557e-21
9.85850e+02	2.16906e-21
9.86200e+02	2.10602e-21
9.86550e+02	2.04526e-21
9.86900e+02	1.99905e-21
9.87250e+02	1.96956e-21
9.87600e+02	1.94676e-21
9.87950e+02	1.91916e-21
9.88300e+02	1.88380e-21
9.88650e+02	1.84549e-21
9.89000e+02	1.80899e-21
9.89350e+02	1.77500e-21
9.89700e+02	1.74292e-21
9.90050e+02	1.71432e-21
9.90400e+02	1.69145e-21
9.90750e+02	1.67330e-21
9.91100e+02	1.65553e-21
9.91450e+02	1.63468e-21
9.91800e+02	1.61139e-21
9.92150e+02	1.58861e-21
9.92500e+02	1.56744e-21
9.92850e+02	1.54626e-21
9.93200e+02	1.52376e-21
9.93550e+02	1.50149e-21
9.93900e+02	1.48233e-21
9.94250e+02	1.46683e-21
9.94600e+02	1.45229e-21
9.94950e+02	1.43545e-21
9.95300e+02	1.41560e-21
9.95650e+02	1.39449e-21
9.96000e+02	1.37376e-21
9.96350e+02	1.35334e-21
9.96700e+02	1.33231e-21
9.97050e+02	1.31067e-21
9.97400e+02	1.28949e-21
9.97750e+02	1.26965e-21
9.98100e+02	1.25089e-21
9.98450e+02	1.23229e-21
9.98800e+02	1.21328e-21
9.99150e+02	1.19386e-21
9.99500e+02	1.17422e-21
9.99850e+02	1.15448e-21
1.00020e+03	1.13488e-21
1.00055e+03	1.11581e-21
1.00090e+03	1.09743e-21
1.00125e+03	1.07938e-21
1.00160e+03	1.06109e-21
1.00195e+03	1.04238e-21
1.00230e+03	1.02348e-21
1.00265e+03	1.00447e-21
1.00300e+03	9.84999e-22
1.00335e+03	9.64765e-22
1.00370e+03	9.44162e-22
1.00405e+03	9.24156e-22
1.00440e+03	9.05421e-22
1.00475e+03	8.87761e-22
1.00510e+03	8.70497e-22
1.00545e+03	8.53257e-22
1.00580e+03	8.36174e-22
1.00615e+03	8.19368e-22
1.00650e+03	8.02536e-22
1.00685e+03	7.85271e-22
1.00720e+03	7.67631e-22
1.00755e+03	7.50129e-22
1.00790e+03	7.33134e-22
1.00825e+03	7.16485e-22
1.00860e+03	6.99868e-22
1.00895e+03	6.83437e-22
1.00930e+03	6.67830e-22
1.00965e+03	6.53509e-22
1.01000e+03	6.40258e-22
1.01035e+03	6.27430e-22
1.01070e+03	6.14614e-22
1.01105e+03	6.01885e-22
1.01140e+03	5.89455e-22
1.01175e+03	5.77285e-22
1.01210e+03	5.65189e-22
1.01245e+03	5.53193e-22
1.01280e+03	5.41585e-22
1.01315e+03	5.30551e-22
1.01350e+03	5.19914e-22
1.01385e+03	5.09348e-22
1.01420e+03	4.98814e-22
1.01455e+03	4.88618e-22
1.01490e+03	4.79029e-22
1.01525e+03	4.69952e-22
1.01560e+03	4.61044e-22
1.01595e+03	4.52100e-22
1.01630e+03	4.43186e-22
1.01665e+03	4.34413e-22
1.01700e+03	4.25697e-22
1.01735e+03	4.16840e-22
1.01770e+03	4.07797e-22
1.01805e+03	3.98742e-22
1.01840e+03	3.89863e-22
1.01875e+03	3.81178e-22
1.01910e+03	3.72624e-22
1.01945e+03	3.64270e-22
1.01980e+03	3.56328e-22
1.02015e+03	3.48926e-22
1.02050e+03	3.41949e-22
1.02085e+03	3.35145e-22
1.02120e+03	3.28369e-22
1.02155e+03	3.21654e-22
1.02190e+03	3.15048e-22
1.02225e+03	3.08473e-22
1.02260e+03	3.01791e-22
1.02295e+03	2.94967e-22
1.02330e+03	2.88107e-22
1.02365e+03	2.81331e-22
1.02400e+03	2.74673e-22
1.02435e+03	2.68144e-22
1.02470e+03	2.61841e-22
1.02505e+03	2.55895e-22
1.02540e+03	2.50317e-22
1.02575e+03	2.44917e-22
1.02610e+03	2.39457e-22
1.02645e+03	2.33843e-22
1.02680e+03	2.28166e-22
1.02715e+03	2.22553e-22
1.02750e+03	2.17034e-22
1.02785e+03	2.11579e-22
1.02820e+03	2.06211e-22
1.02855e+03	2.01015e-22
1.02890e+03	1.96040e-22
1.02925e+03	1.91231e-22
1.02960e+03	1.86503e-22
1.02995e+03	1.81850e-22
1.03030e+03	1.77355e-22
1.03065e+03	1.73069e-22
1.03100e+03	1.68931e-22
1.03135e+03	1.64833e-22
1.03170e+03	1.60748e-22
1.03205e+03	1.56762e-22
1.03240e+03	1.52967e-22
1.03275e+03	1.49366e-22
1.03310e+03	1.45892e-22
1.03345e+03	1.42498e-22
1.03380e+03	1.39202e-22
1.03415e+03	1.36031e-22
1.03450e+03	1.32965e-22
1.03485e+03	1.29949e-22
1.03520e+03	1.26967e-22
1.03555e+03	1.24054e-22
1.03590e+03	1.21242e-22
1.03625e+03	1.18514e-22
1.03660e+03	1.15821e-22
1.03695e+03	1.13146e-22
1.03730e+03	1.10526e-22
1.03765e+03	1.07998e-22
1.03800e+03	1.05545e-22
1.03835e+03	1.03115e-22
1.03870e+03	1.00682e-22
1.03905e+03	9.82743e-23
1.03940e+03	9.59419e-23
1.03975e+03	9.37032e-23
1.04010e+03	9.15414e-23
1.04045e+03	8.94396e-23
1.04080e+03	8.74010e-23
1.04115e+03	8.54302e-23
1.04150e+03	8.35099e-23
1.04185e+03	8.16127e-23
1.04220e+03	7.97343e-23
1.04255e+03	7.79020e-23
1.04290e+03	7.61420e-23
1.04325e+03	7.44471e-23
1.04360e+03	7.27861e-23
1.04395e+03	7.11426e-23
1.04430e+03	6.95330e-23
1.04465e+03	6.79818e-23
1.04500e+03	6.64860e-23
1.04535e+03	6.50162e-23
1.04570e+03	6.35503e-23
1.04605e+03	6.20963e-23
1.04640e+03	6.06762e-23
1.04675e+03	5.92956e-23
1.04710e+03	5.79389e-23
1.04745e+03	5.65961e-23
1.04780e+03	5.52802e-23
1.04815e+03	5.40079e-23
1.04850e+03	5.27624e-23
1.04885e+03	5.14885e-23
1.04920e+03	5.01304e-23
1.04955e+03	4.86764e-23
1.04990e+03	4.71641e-23
1.05025e+03	4.56488e-23
1.05060e+03	4.41754e-23
1.05095e+03	4.27794e-23
1.05130e+03	4.14975e-23
1.05165e+03	4.03554e-23
1.05200e+03	3.93386e-23
1.05235e+03	3.83871e-23
1.05270e+03	3.74364e-23
1.05305e+03	3.64676e-23
1.05340e+03	3.55114e-23
1.05375e+03	3.46006e-23
1.05410e+03	3.37269e-23
1.05445e+03	3.28542e-23
1.05480e+03	3.19685e-23
1.05515e+03	3.10980e-23
1.05550e+03	3.02738e-23
1.05585e+03	2.94825e-23
1.05620e+03	2.86789e-23
1.05655e+03	2.78497e-23
1.05690e+03	2.70460e-23
1.05725e+03	2.63289e-23
1.05760e+03	2.56835e-23
1.05795e+03	2.50096e-23
1.05830e+03	2.42209e-23
1.05865e+03	2.33511e-23
1.05900e+03	2.25431e-23
1.05935e+03	2.19180e-23
1.05970e+03	2.14576e-23
1.06005e+03	2.10235e-23
1.06040e+03	2.04898e-23
1.06075e+03	1.98486e-23
1.06110e+03	1.91885e-23
1.06145e+03	1.85887e-23
1.06180e+03	1.80525e-23
1.06215e+03	1.75377e-23
1.06250e+03	1.70252e-23
1.06285e+03	1.65359e-23
1.06320e+03	1.60884e-23
1.06355e+03	1.56620e-23
1.06390e+03	1.52167e-23
1.06425e+03	1.47416e-23
1.06460e+03	1.42668e-23
1.06495e+03	1.38271e-23
1.06530e+03	1.34237e-23
1.06565e+03	1.30304e-23
1.06600e+03	1.26299e-23
1.06635e+03	1.22322e-23
1.06670e+03	1.18558e-23
1.06705e+03	1.15022e-23
1.06740e+03	1.11567e-23
1.06775e+03	1.08107e-23
1.06810e+03	1.04725e-23
1.06845e+03	1.01534e-23
1.06880e+03	9.85020e-24
1.06915e+03	9.54952e-24
1.06950e+03	9.24662e-24
1.06985e+03	8.95282e-24
1.07020e+03	8.68144e-24
1.07055e+03	8.43112e-24
1.07090e+03	8.18795e-24
1.07125e+03	7.94221e-24
1.07160e+03	7.69752e-24
1.07195e+03	7.46250e-24
1.07230e+03	7.23802e-24
1.07265e+03	7.01685e-24
1.07300e+03	6.79411e-24
1.07335e+03	6.57338e-24
1.07370e+03	6.36111e-24
1.07405e+03	6.15849e-24
1.07440e+03	5.96145e-24
1.07475e+03	5.76726e-24
1.07510e+03	5.57801e-24
1.07545e+03	5.39728e-24
1.07580e+03	5.22633e-24
1.07615e+03	5.06455e-24
1.07650e+03	4.91166e-24
1.07685e+03	4.76673e-24
1.07720e+03	4.62621e-24
1.07755e+03	4.48607e-24
1.07790e+03	4.34684e-24
1.07825e+03	4.21396e-24
1.07860e+03	4.09083e-24
1.07895e+03	3.97289e-24
1.07930e+03	3.85159e-24
1.07965e+03	3.72467e-24
1.08000e+03	3.59964e-24
1.08035e+03	3.48538e-24
1.08070e+03	3.38188e-24
1.08105e+03	3.28121e-24
1.08140e+03	3.17803e-24
1.08175e+03	3.07566e-24
1.08210e+03	2.98011e-24
1.08245e+03	2.89107e-24
1.08280e+03	2.80250e-24
1.08315e+03	2.71191e-24
1.08350e+03	2.62459e-24
1.08385e+03	2.54625e-24
1.08420e+03	2.47392e-24
1.08455e+03	2.39840e-24
1.08490e+03	2.31626e-24
1.08525e+03	2.23557e-24
1.08560e+03	2.16716e-24
1.08595e+03	2.11186e-24
1.08630e+03	2.05973e-24
1.08665e+03	2.00187e-24
1.08700e+03	1.93962e-24
1.08735e+03	1.88006e-24
1.08770e+03	1.82523e-24
1.08805e+03	1.76979e-24
1.08840e+03	1.70964e-24
1.08875e+03	1.64902e-24
1.08910e+03	1.59597e-24
1.08945e+03	1.55251e-24
1.08980e+03	1.51261e-24
1.09015e+03	1.47030e-24
1.09050e+03	1.42669e-24
1.09085e+03	1.38682e-24
1.09120e+03	1.35140e-24
1.09155e+03	1.31529e-24
1.09190e+03	1.27461e-24
1.09225e+03	1.23224e-24
1.09260e+03	1.19409e-24
1.09295e+03	1.16132e-24
1.09330e+03	1.12926e-24
1.09365e+03	1.09439e-24
1.09400e+03	1.05946e-24
1.09435e+03	1.02968e-24
1.09470e+03	1.00529e-24
1.09505e+03	9.80685e-25
1.09540e+03	9.51322e-25
1.09575e+03	9.19140e-25
1.09610e+03	8.89436e-25
1.09645e+03	8.63881e-25
1.09680e+03	8.39088e-25
1.09715e+03	8.12063e-25
1.09750e+03	7.84528e-25
1.09785e+03	7.60253e-25
1.09820e+03	7.39620e-25
1.09855e+03	7.19282e-25
1.09890e+03	6.97222e-25
1.09925e+03	6.75720e-25
1.09960e+03	6.57876e-25
1.09995e+03	6.42658e-25
1.10030e+03	6.25783e-25
1.10065e+03	6.05506e-25
1.10100e+03	5.85289e-25
1.10135e+03	5.69350e-25
1.10170e+03	5.56939e-25
1.10205e+03	5.43138e-25
1.10240e+03	5.25282e-25
1.10275e+03	5.06467e-25
1.10310e+03	4.91516e-25
1.10345e+03	4.80810e-25
1.10380e+03	4.70071e-25
1.10415e+03	4.56052e-25
1.10450e+03	4.40409e-25
1.10485e+03	4.26920e-25
1.10520e+03	4.16310e-25
1.10555e+03	4.05766e-25
1.10590e+03	3.93363e-25
1.10625e+03	3.80900e-25
1.10660e+03	3.71251e-25
1.10695e+03	3.64145e-25
1.10730e+03	3.56373e-25
1.10765e+03	3.46048e-25
1.10800e+03	3.34938e-25
1.10835e+03	3.25764e-25
1.10870e+03	3.18429e-25
1.10905e+03	3.10450e-25
1.10940e+03	3.00759e-25
1.10975e+03	2.91285e-25
1.11010e+03	2.84033e-25
1.11045e+03	2.77932e-25
1.11080e+03	2.70126e-25
1.11115e+03	2.60072e-25
1.11150e+03	2.50666e-25
1.11185e+03	2.44614e-25
1.11220e+03	2.40887e-25
1.11255e+03	2.36117e-25
1.11290e+03	2.29063e-25
1.11325e+03	2.22057e-25
1.11360e+03	2.17529e-25
1.11395e+03	2.14428e-25
1.11430e+03	2.09509e-25
1.11465e+03	2.01730e-25
1.11500e+03	1.93755e-25
1.11535e+03	1.88546e-25
1.11570e+03	1.85679e-25
1.11605e+03	1.82261e-25
1.11640e+03	1.76981e-25
1.11675e+03	1.71655e-25
1.11710e+03	1.68316e-25
1.11745e+03	1.66093e-25
1.11780e+03	1.62332e-25
1.11815e+03	1.56377e-25
1.11850e+03	1.50707e-25
1.11885e+03	1.47771e-25
1.11920e+03	1.46823e-25
1.11955e+03	1.45018e-25
1.11990e+03	1.41190e-25
1.12025e+03	1.37112e-25
1.12060e+03	1.34660e-25
1.12095e+03	1.32998e-25
1.12130e+03	1.29781e-25
1.12165e+03	1.24675e-25
1.12200e+03	1.20193e-25
1.12235e+03	1.18502e-25
1.12270e+03	1.18465e-25
1.12305e+03	1.16993e-25
1.12340e+03	1.12958e-25
1.12375e+03	1.08507e-25
1.12410e+03	1.06104e-25
1.12445e+03	1.05332e-25
1.12480e+03	1.03677e-25
1.12515e+03	1.00053e-25
1.12550e+03	9.62597e-26
1.12585e+03	9.44983e-26
1.12620e+03	9.44481e-26
1.12655e+03	9.37958e-26
1.12690e+03	9.13313e-26
1.12725e+03	8.83385e-26
1.12760e+03	8.65551e-26
1.12795e+03	8.57021e-26
1.12830e+03	8.39948e-26
1.12865e+03	8.07847e-26
1.12900e+03	7.75776e-26
1.12935e+03	7.60511e-26
1.12970e+03	7.58760e-26
1.13005e+03	7.53196e-26
1.13040e+03	7.36671e-26
1.13075e+03	7.20357e-26
1.13110e+03	7.15336e-26
1.13145e+03	7.14855e-26
1.13180e+03	7.03098e-26
1.13215e+03	6.78263e-26
1.13250e+03	6.56920e-26
1.13285e+03	6.52337e-26
1.13320e+03	6.55963e-26
1.13355e+03	6.47745e-26
1.13390e+03	6.21914e-26
1.13425e+03	5.93971e-26
1.13460e+03	5.80089e-26
1.13495e+03	5.77024e-26
1.13530e+03	5.68811e-26
1.13565e+03	5.49645e-26
1.13600e+03	5.31226e-26
1.13635e+03	5.25432e-26
1.13670e+03	5.27163e-26
1.13705e+03	5.21015e-26
1.13740e+03	5.02011e-26
1.13775e+03	4.81680e-26
1.13810e+03	4.71828e-26
1.13845e+03	4.69053e-26
1.13880e+03	4.61109e-26
1.13915e+03	4.45274e-26
1.13950e+03	4.32535e-26
1.13985e+03	4.31902e-26
1.14020e+03	4.37141e-26
1.14055e+03	4.34643e-26
1.14090e+03	4.21483e-26
1.14125e+03	4.08599e-26
1.14160e+03	4.04923e-26
1.14195e+03	4.04798e-26
1.14230e+03	3.96297e-26
1.14265e+03	3.78746e-26
1.14300e+03	3.64806e-26
1.14335e+03	3.63783e-26
1.14370e+03	3.68924e-26
1.14405e+03	3.66264e-26
1.14440e+03	3.53165e-26
1.14475e+03	3.41407e-26
1.14510e+03	3.40675e-26
1.14545e+03	3.44871e-26
1.14580e+03	3.39761e-26
1.14615e+03	3.21671e-26
1.14650e+03	3.02319e-26
1.14685e+03	2.93743e-26
1.14720e+03	2.93662e-26
1.14755e+03	2.90285e-26
1.14790e+03	2.79128e-26
1.14825e+03	2.68882e-26
1.14860e+03	2.68768e-26
1.14895e+03	2.74623e-26
1.14930e+03	2.72129e-26
1.14965e+03	2.52978e-26
1.15000e+03	2.52978e-26
