# wavelength [nm]	sigma_e [cm2]
8.00000e+02	4.04323e-28
8.00350e+02	4.44957e-28
8.00700e+02	4.55793e-28
8.01050e+02	4.42402e-28
8.01400e+02	4.11095e-28
8.01750e+02	2.66552e-28
8.02100e+02	3.58082e-28
8.02450e+02	3.34368e-28
8.02800e+02	2.58606e-28
8.03150e+02	2.82993e-28
8.03500e+02	3.33930e-28
8.03850e+02	3.81744e-28
8.04200e+02	4.47397e-28
8.04550e+02	4.24980e-28
8.04900e+02	4.01353e-28
8.05250e+02	3.39508e-28
8.05600e+02	2.90337e-28
8.05950e+02	3.13262e-28
8.06300e+02	3.63172e-28
8.06650e+02	4.32643e-28
8.07000e+02	5.41843e-28
8.07350e+02	6.69213e-28
8.07700e+02	7.89952e-28
8.08050e+02	8.64323e-28
8.08400e+02	8.98612e-28
8.08750e+02	9.53911e-28
8.09100e+02	9.61284e-28
8.09450e+02	8.29977e-28
8.09800e+02	6.85395e-28
8.10150e+02	6.43810e-28
8.10500e+02	6.45495e-28
8.10850e+02	6.85564e-28
8.11200e+02	8.19187e-28
8.11550e+02	1.00096e-27
8.11900e+02	1.13719e-27
8.12250e+02	1.14897e-27
8.12600e+02	1.04934e-27
8.12950e+02	9.68490e-28
8.13300e+02	9.24804e-28
8.13650e+02	8.39338e-28
8.14000e+02	8.14661e-28
8.14350e+02	9.43074e-28
8.14700e+02	1.07928e-27
8.15050e+02	1.15873e-27
8.15400e+02	1.29805e-27
8.15750e+02	1.49456e-27
8.16100e+02	1.62102e-27
8.16450e+02	1.61118e-27
8.16800e+02	1.51279e-27
8.17150e+02	1.43694e-27
8.17500e+02	1.38543e-27
8.17850e+02	1.27636e-27
8.18200e+02	1.19471e-27
8.18550e+02	1.25784e-27
8.18900e+02	1.37736e-27
8.19250e+02	1.48273e-27
8.19600e+02	1.64323e-27
8.19950e+02	1.85872e-27
8.20300e+02	2.03095e-27
8.20650e+02	2.06796e-27
8.21000e+02	1.98463e-27
8.21350e+02	1.93282e-27
8.21700e+02	1.92912e-27
8.22050e+02	1.82562e-27
8.22400e+02	1.72613e-27
8.22750e+02	1.83130e-27
8.23100e+02	2.00416e-27
8.23450e+02	2.10018e-27
8.23800e+02	2.22562e-27
8.24150e+02	2.39786e-27
8.24500e+02	2.54387e-27
8.24850e+02	2.65563e-27
8.25200e+02	2.65624e-27
8.25550e+02	2.50163e-27
8.25900e+02	2.26358e-27
8.26250e+02	1.95823e-27
8.26600e+02	1.66779e-27
8.26950e+02	1.54930e-27
8.27300e+02	1.53461e-27
8.27650e+02	1.53132e-27
8.28000e+02	1.65096e-27
8.28350e+02	1.91992e-27
8.28700e+02	2.25666e-27
8.29050e+02	2.55708e-27
8.29400e+02	2.58266e-27
8.29750e+02	2.29484e-27
8.30100e+02	1.95879e-27
8.30450e+02	1.62099e-27
8.30800e+02	1.24096e-27
8.31150e+02	8.96234e-28
8.31500e+02	6.25816e-28
8.31850e+02	7.62558e-28
8.32200e+02	9.46838e-28
8.32550e+02	8.02828e-28
8.32900e+02	6.20510e-28
8.33250e+02	6.56884e-28
8.33600e+02	7.02550e-28
8.33950e+02	7.18988e-28
8.34300e+02	5.97524e-28
8.34650e+02	5.18852e-28
8.35000e+02	4.25358e-28
8.35350e+02	4.35586e-28
8.35700e+02	6.99307e-28
8.36050e+02	1.12585e-27
8.36400e+02	1.40540e-27
8.36750e+02	1.40844e-27
8.37100e+02	1.36626e-27
8.37450e+02	1.11770e-27
8.37800e+02	9.71870e-28
8.38150e+02	9.17151e-28
8.38500e+02	1.36911e-27
8.38850e+02	1.93219e-27
8.39200e+02	2.40761e-27
8.39550e+02	2.35969e-27
8.39900e+02	1.92716e-27
8.40250e+02	1.46169e-27
8.40600e+02	1.45298e-27
8.40950e+02	1.60572e-27
8.41300e+02	1.85733e-27
8.41650e+02	2.39727e-27
8.42000e+02	3.23302e-27
8.42350e+02	3.92796e-27
8.42700e+02	3.65327e-27
8.43050e+02	3.37754e-27
8.43400e+02	4.05213e-27
8.43750e+02	5.43089e-27
8.44100e+02	6.38741e-27
8.44450e+02	7.97304e-27
8.44800e+02	1.08017e-26
8.45150e+02	1.39835e-26
8.45500e+02	1.79321e-26
8.45850e+02	2.25857e-26
8.46200e+02	2.59597e-26
8.46550e+02	2.78232e-26
8.46900e+02	2.91421e-26
8.47250e+02	2.92189e-26
8.47600e+02	2.80781e-26
8.47950e+02	2.72069e-26
8.48300e+02	2.71481e-26
8.48650e+02	2.70098e-26
8.49000e+02	2.55284e-26
8.49350e+02	2.00320e-26
8.49700e+02	1.33742e-26
8.50050e+02	9.03670e-27
8.50400e+02	5.40239e-27
8.50750e+02	2.96708e-27
8.51100e+02	5.28028e-27
8.51450e+02	8.21555e-27
8.51800e+02	9.80660e-27
8.52150e+02	9.82181e-27
8.52500e+02	8.07668e-27
8.52850e+02	6.26361e-27
8.53200e+02	6.13356e-27
8.53550e+02	5.72315e-27
8.53900e+02	6.06748e-27
8.54250e+02	8.59190e-27
8.54600e+02	9.64122e-27
8.54950e+02	1.06604e-26
8.55300e+02	9.82611e-27
8.55650e+02	7.91289e-27
8.56000e+02	6.57583e-27
8.56350e+02	6.47250e-27
8.56700e+02	5.14246e-27
8.57050e+02	4.03917e-27
8.57400e+02	4.58989e-27
8.57750e+02	5.77797e-27
8.58100e+02	6.38981e-27
8.58450e+02	5.63999e-27
8.58800e+02	4.33837e-27
8.59150e+02	4.17597e-27
8.59500e+02	3.88725e-27
8.59850e+02	2.87879e-27
8.60200e+02	2.41366e-27
8.60550e+02	3.49733e-27
8.60900e+02	6.28591e-27
8.61250e+02	1.04383e-26
8.61600e+02	1.51448e-26
8.61950e+02	1.92088e-26
8.62300e+02	2.26168e-26
8.62650e+02	2.51479e-26
8.63000e+02	2.51727e-26
8.63350e+02	2.25545e-26
8.63700e+02	2.43936e-26
8.64050e+02	3.53184e-26
8.64400e+02	5.02929e-26
8.64750e+02	6.59799e-26
8.65100e+02	8.38918e-26
8.65450e+02	1.02497e-25
8.65800e+02	1.15647e-25
8.66150e+02	1.16136e-25
8.66500e+02	1.04856e-25
8.66850e+02	9.33672e-26
8.67200e+02	8.68012e-26
8.67550e+02	8.05575e-26
8.67900e+02	7.90204e-26
8.68250e+02	9.00511e-26
8.68600e+02	1.07533e-25
8.68950e+02	1.21221e-25
8.69300e+02	1.27000e-25
8.69650e+02	1.25180e-25
8.70000e+02	1.26038e-25
8.70350e+02	1.41301e-25
8.70700e+02	1.65226e-25
8.71050e+02	1.85341e-25
8.71400e+02	2.01311e-25
8.71750e+02	2.19154e-25
8.72100e+02	2.37578e-25
8.72450e+02	2.45401e-25
8.72800e+02	2.38193e-25
8.73150e+02	2.32700e-25
8.73500e+02	2.40004e-25
8.73850e+02	2.43843e-25
8.74200e+02	2.37758e-25
8.74550e+02	2.42053e-25
8.74900e+02	2.63886e-25
8.75250e+02	2.88514e-25
8.75600e+02	3.05890e-25
8.75950e+02	3.12164e-25
8.76300e+02	3.10110e-25
8.76650e+02	3.17169e-25
8.77000e+02	3.46649e-25
8.77350e+02	3.93644e-25
8.77700e+02	4.48102e-25
8.78050e+02	4.99213e-25
8.78400e+02	5.36569e-25
8.78750e+02	5.56401e-25
8.79100e+02	5.59026e-25
8.79450e+02	5.54028e-25
8.79800e+02	5.62732e-25
8.80150e+02	5.90055e-25
8.80500e+02	6.17153e-25
8.80850e+02	6.39507e-25
8.81200e+02	6.70865e-25
8.81550e+02	7.09003e-25
8.81900e+02	7.39472e-25
8.82250e+02	7.64515e-25
8.82600e+02	7.96179e-25
8.82950e+02	8.34183e-25
8.83300e+02	8.73188e-25
8.83650e+02	9.17980e-25
8.84000e+02	9.75685e-25
8.84350e+02	1.04692e-24
8.84700e+02	1.12900e-24
8.85050e+02	1.21188e-24
8.85400e+02	1.28313e-24
8.85750e+02	1.34830e-24
8.86100e+02	1.41908e-24
8.86450e+02	1.48844e-24
8.86800e+02	1.55059e-24
8.87150e+02	1.61585e-24
8.87500e+02	1.68721e-24
8.87850e+02	1.76229e-24
8.88200e+02	1.84563e-24
8.88550e+02	1.93157e-24
8.88900e+02	2.01330e-24
8.89250e+02	2.10360e-24
8.89600e+02	2.20678e-24
8.89950e+02	2.31040e-24
8.90300e+02	2.42065e-24
8.90650e+02	2.55213e-24
8.91000e+02	2.69832e-24
8.91350e+02	2.84743e-24
8.91700e+02	2.99684e-24
8.92050e+02	3.15392e-24
8.92400e+02	3.33988e-24
8.92750e+02	3.56089e-24
8.93100e+02	3.79200e-24
8.93450e+02	4.02287e-24
8.93800e+02	4.26631e-24
8.94150e+02	4.50945e-24
8.94500e+02	4.72659e-24
8.94850e+02	4.93024e-24
8.95200e+02	5.15694e-24
8.95550e+02	5.42844e-24
8.95900e+02	5.74606e-24
8.96250e+02	6.09598e-24
8.96600e+02	6.46448e-24
8.96950e+02	6.84971e-24
8.97300e+02	7.24299e-24
8.97650e+02	7.62970e-24
8.98000e+02	8.01969e-24
8.98350e+02	8.42784e-24
8.98700e+02	8.83903e-24
8.99050e+02	9.24254e-24
8.99400e+02	9.65998e-24
8.99750e+02	1.01116e-23
9.00100e+02	1.06042e-23
9.00450e+02	1.11453e-23
9.00800e+02	1.17397e-23
9.01150e+02	1.23997e-23
9.01500e+02	1.31280e-23
9.01850e+02	1.38755e-23
9.02200e+02	1.45990e-23
9.02550e+02	1.53324e-23
9.02900e+02	1.61141e-23
9.03250e+02	1.69296e-23
9.03600e+02	1.77707e-23
9.03950e+02	1.86631e-23
9.04300e+02	1.96546e-23
9.04650e+02	2.07758e-23
9.05000e+02	2.19622e-23
9.05350e+02	2.31348e-23
9.05700e+02	2.43349e-23
9.06050e+02	2.55980e-23
9.06400e+02	2.68705e-23
9.06750e+02	2.81841e-23
9.07100e+02	2.96175e-23
9.07450e+02	3.11225e-23
9.07800e+02	3.26396e-23
9.08150e+02	3.41726e-23
9.08500e+02	3.56981e-23
9.08850e+02	3.72465e-23
9.09200e+02	3.89045e-23
9.09550e+02	4.06752e-23
9.09900e+02	4.25815e-23
9.10250e+02	4.46972e-23
9.10600e+02	4.69522e-23
9.10950e+02	4.92311e-23
9.11300e+02	5.15110e-23
9.11650e+02	5.37633e-23
9.12000e+02	5.60781e-23
9.12350e+02	5.86403e-23
9.12700e+02	6.13308e-23
9.13050e+02	6.39628e-23
9.13400e+02	6.67655e-23
9.13750e+02	6.99171e-23
9.14100e+02	7.31162e-23
9.14450e+02	7.61049e-23
9.14800e+02	7.89957e-23
9.15150e+02	8.20066e-23
9.15500e+02	8.52076e-23
9.15850e+02	8.84402e-23
9.16200e+02	9.16196e-23
9.16550e+02	9.49963e-23
9.16900e+02	9.86833e-23
9.17250e+02	1.02418e-22
9.17600e+02	1.06117e-22
9.17950e+02	1.09907e-22
9.18300e+02	1.13764e-22
9.18650e+02	1.17729e-22
9.19000e+02	1.21924e-22
9.19350e+02	1.26234e-22
9.19700e+02	1.30515e-22
9.20050e+02	1.34824e-22
9.20400e+02	1.39230e-22
9.20750e+02	1.43776e-22
9.21100e+02	1.48439e-22
9.21450e+02	1.53108e-22
9.21800e+02	1.57845e-22
9.22150e+02	1.62729e-22
9.22500e+02	1.67533e-22
9.22850e+02	1.72131e-22
9.23200e+02	1.76663e-22
9.23550e+02	1.81161e-22
9.23900e+02	1.85658e-22
9.24250e+02	1.90300e-22
9.24600e+02	1.95012e-22
9.24950e+02	1.99686e-22
9.25300e+02	2.04398e-22
9.25650e+02	2.09198e-22
9.26000e+02	2.14165e-22
9.26350e+02	2.19302e-22
9.26700e+02	2.24273e-22
9.27050e+02	2.29060e-22
9.27400e+02	2.34156e-22
9.27750e+02	2.39540e-22
9.28100e+02	2.44721e-22
9.28450e+02	2.49678e-22
9.28800e+02	2.54641e-22
9.29150e+02	2.59612e-22
9.29500e+02	2.64455e-22
9.29850e+02	2.68998e-22
9.30200e+02	2.73501e-22
9.30550e+02	2.78586e-22
9.30900e+02	2.84183e-22
9.31250e+02	2.89742e-22
9.31600e+02	2.95307e-22
9.31950e+02	3.01131e-22
9.32300e+02	3.07233e-22
9.32650e+02	3.13686e-22
9.33000e+02	3.20334e-22
9.33350e+02	3.27114e-22
9.33700e+02	3.34664e-22
9.34050e+02	3.43114e-22
9.34400e+02	3.51612e-22
9.34750e+02	3.59881e-22
9.35100e+02	3.68211e-22
9.35450e+02	3.76436e-22
9.35800e+02	3.84418e-22
9.36150e+02	3.92213e-22
9.36500e+02	3.99880e-22
9.36850e+02	4.08087e-22
9.37200e+02	4.17298e-22
9.37550e+02	4.26839e-22
9.37900e+02	4.36531e-22
9.38250e+02	4.47179e-22
9.38600e+02	4.58757e-22
9.38950e+02	4.70588e-22
9.39300e+02	4.82496e-22
9.39650e+02	4.94307e-22
9.40000e+02	5.05847e-22
9.40350e+02	5.17259e-22
9.40700e+02	5.28471e-22
9.41050e+02	5.39780e-22
9.41400e+02	5.52130e-22
9.41750e+02	5.65502e-22
9.42100e+02	5.79135e-22
9.42450e+02	5.93236e-22
9.42800e+02	6.08080e-22
9.43150e+02	6.23055e-22
9.43500e+02	6.38032e-22
9.43850e+02	6.53577e-22
9.44200e+02	6.69775e-22
9.44550e+02	6.86369e-22
9.44900e+02	7.03259e-22
9.45250e+02	7.20350e-22
9.45600e+02	7.37532e-22
9.45950e+02	7.54754e-22
9.46300e+02	7.72246e-22
9.46650e+02	7.90507e-22
9.47000e+02	8.09494e-22
9.47350e+02	8.28586e-22
9.47700e+02	8.47609e-22
9.48050e+02	8.66801e-22
9.48400e+02	8.86333e-22
9.48750e+02	9.06555e-22
9.49100e+02	9.27750e-22
9.49450e+02	9.49798e-22
9.49800e+02	9.72500e-22
9.50150e+02	9.95334e-22
9.50500e+02	1.01755e-21
9.50850e+02	1.03930e-21
9.51200e+02	1.06135e-21
9.51550e+02	1.08381e-21
9.51900e+02	1.10652e-21
9.52250e+02	1.12958e-21
9.52600e+02	1.15306e-21
9.52950e+02	1.17701e-21
9.53300e+02	1.20141e-21
9.53650e+02	1.22614e-21
9.54000e+02	1.25174e-21
9.54350e+02	1.27866e-21
9.54700e+02	1.30605e-21
9.55050e+02	1.33314e-21
9.55400e+02	1.36037e-21
9.55750e+02	1.38787e-21
9.56100e+02	1.41522e-21
9.56450e+02	1.44263e-21
9.56800e+02	1.47018e-21
9.57150e+02	1.49725e-21
9.57500e+02	1.52391e-21
9.57850e+02	1.55087e-21
9.58200e+02	1.57822e-21
9.58550e+02	1.60562e-21
9.58900e+02	1.63316e-21
9.59250e+02	1.66137e-21
9.59600e+02	1.69049e-21
9.59950e+02	1.71967e-21
9.60300e+02	1.74820e-21
9.60650e+02	1.77713e-21
9.61000e+02	1.80768e-21
9.61350e+02	1.83906e-21
9.61700e+02	1.87018e-21
9.62050e+02	1.90180e-21
9.62400e+02	1.93518e-21
9.62750e+02	1.97038e-21
9.63100e+02	2.00684e-21
9.63450e+02	2.04488e-21
9.63800e+02	2.08569e-21
9.64150e+02	2.12969e-21
9.64500e+02	2.17602e-21
9.64850e+02	2.22428e-21
9.65200e+02	2.27558e-21
9.65550e+02	2.33100e-21
9.65900e+02	2.39069e-21
9.66250e+02	2.45449e-21
9.66600e+02	2.52281e-21
9.66950e+02	2.59736e-21
9.67300e+02	2.68011e-21
9.67650e+02	2.77164e-21
9.68000e+02	2.87284e-21
9.68350e+02	2.98750e-21
9.68700e+02	3.11992e-21
9.69050e+02	3.27261e-21
9.69400e+02	3.45019e-21
9.69750e+02	3.66340e-21
9.70100e+02	3.92814e-21
9.70450e+02	4.26409e-21
9.70800e+02	4.69594e-21
9.71150e+02	5.25182e-21
9.71500e+02	5.95866e-21
9.71850e+02	6.83851e-21
9.72200e+02	7.89037e-21
9.72550e+02	9.07147e-21
9.72900e+02	1.03240e-20
9.73250e+02	1.15800e-20
9.73600e+02	1.27444e-20
9.73950e+02	1.37364e-20
9.74300e+02	1.45012e-20
9.74650e+02	1.50035e-20
9.75000e+02	1.52457e-20
9.75350e+02	1.52294e-20
9.75700e+02	1.49565e-20
9.76050e+02	1.44785e-20
9.76400e+02	1.38510e-20
9.76750e+02	1.31042e-20
9.77100e+02	1.22866e-20
9.77450e+02	1.14528e-20
9.77800e+02	1.06471e-20
9.78150e+02	9.90755e-21
9.78500e+02	9.24157e-21
9.78850e+02	8.63610e-21
9.79200e+02	8.09090e-21
9.79550e+02	7.61812e-21
9.79900e+02	7.22150e-21
9.80250e+02	6.88095e-21
9.80600e+02	6.56462e-21
9.80950e+02	6.26479e-21
9.81300e+02	6.00707e-21
9.81650e+02	5.81106e-21
9.82000e+02	5.65530e-21
9.82350e+02	5.49504e-21
9.82700e+02	5.31021e-21
9.83050e+02	5.12584e-21
9.83400e+02	4.98137e-21
9.83750e+02	4.88707e-21
9.84100e+02	4.81957e-21
9.84450e+02	4.75610e-21
9.84800e+02	4.69839e-21
9.85150e+02	4.65767e-21
9.85500e+02	4.62861e-21
9.85850e+02	4.59107e-21
9.86200e+02	4.53659e-21
9.86550e+02	4.48370e-21
9.86900e+02	4.45993e-21
9.87250e+02	4.47179e-21
9.87600e+02	4.49811e-21
9.87950e+02	4.51261e-21
9.88300e+02	4.50761e-21
9.88650e+02	4.49376e-21
9.89000e+02	4.48247e-21
9.89350e+02	4.47566e-21
9.89700e+02	4.47208e-21
9.90050e+02	4.47602e-21
9.90400e+02	4.49385e-21
9.90750e+02	4.52367e-21
9.91100e+02	4.55412e-21
9.91450e+02	4.57557e-21
9.91800e+02	4.58938e-21
9.92150e+02	4.60368e-21
9.92500e+02	4.62178e-21
9.92850e+02	4.63900e-21
9.93200e+02	4.65133e-21
9.93550e+02	4.66336e-21
9.93900e+02	4.68412e-21
9.94250e+02	4.71593e-21
9.94600e+02	4.75048e-21
9.94950e+02	4.77709e-21
9.95300e+02	4.79296e-21
9.95650e+02	4.80353e-21
9.96000e+02	4.81432e-21
9.96350e+02	4.82503e-21
9.96700e+02	4.83242e-21
9.97050e+02	4.83631e-21
9.97400e+02	4.84057e-21
9.97750e+02	4.84856e-21
9.98100e+02	4.85950e-21
9.98450e+02	4.86997e-21
9.98800e+02	4.87763e-21
9.99150e+02	4.88238e-21
9.99500e+02	4.88486e-21
9.99850e+02	4.88549e-21
1.00020e+03	4.88522e-21
1.00055e+03	4.88578e-21
1.00090e+03	4.88794e-21
1.00125e+03	4.89013e-21
1.00160e+03	4.88980e-21
1.00195e+03	4.88600e-21
1.00230e+03	4.87966e-21
1.00265e+03	4.87109e-21
1.00300e+03	4.85845e-21
1.00335e+03	4.84007e-21
1.00370e+03	4.81769e-21
1.00405e+03	4.79617e-21
1.00440e+03	4.77917e-21
1.00475e+03	4.76590e-21
1.00510e+03	4.75289e-21
1.00545e+03	4.73813e-21
1.00580e+03	4.72233e-21
1.00615e+03	4.70614e-21
1.00650e+03	4.68783e-21
1.00685e+03	4.66491e-21
1.00720e+03	4.63754e-21
1.00755e+03	4.60869e-21
1.00790e+03	4.58064e-21
1.00825e+03	4.55246e-21
1.00860e+03	4.52217e-21
1.00895e+03	4.49071e-21
1.00930e+03	4.46234e-21
1.00965e+03	4.44042e-21
1.01000e+03	4.42383e-21
1.01035e+03	4.40834e-21
1.01070e+03	4.39109e-21
1.01105e+03	4.37260e-21
1.01140e+03	4.35439e-21
1.01175e+03	4.33624e-21
1.01210e+03	4.31675e-21
1.01245e+03	4.29611e-21
1.01280e+03	4.27658e-21
1.01315e+03	4.25974e-21
1.01350e+03	4.24432e-21
1.01385e+03	4.22773e-21
1.01420e+03	4.20961e-21
1.01455e+03	4.19255e-21
1.01490e+03	4.17899e-21
1.01525e+03	4.16830e-21
1.01560e+03	4.15757e-21
1.01595e+03	4.14492e-21
1.01630e+03	4.13094e-21
1.01665e+03	4.11663e-21
1.01700e+03	4.10120e-21
1.01735e+03	4.08269e-21
1.01770e+03	4.06053e-21
1.01805e+03	4.03633e-21
1.01840e+03	4.01197e-21
1.01875e+03	3.98767e-21
1.01910e+03	3.96282e-21
1.01945e+03	3.93817e-21
1.01980e+03	3.91608e-21
1.02015e+03	3.89819e-21
1.02050e+03	3.88340e-21
1.02085e+03	3.86902e-21
1.02120e+03	3.85339e-21
1.02155e+03	3.83687e-21
1.02190e+03	3.82004e-21
1.02225e+03	3.80194e-21
1.02260e+03	3.78083e-21
1.02295e+03	3.75614e-21
1.02330e+03	3.72911e-21
1.02365e+03	3.70124e-21
1.02400e+03	3.67298e-21
1.02435e+03	3.64452e-21
1.02470e+03	3.61720e-21
1.02505e+03	3.59300e-21
1.02540e+03	3.57222e-21
1.02575e+03	3.55236e-21
1.02610e+03	3.52996e-21
1.02645e+03	3.50354e-21
1.02680e+03	3.47431e-21
1.02715e+03	3.44414e-21
1.02750e+03	3.41350e-21
1.02785e+03	3.38194e-21
1.02820e+03	3.34981e-21
1.02855e+03	3.31854e-21
1.02890e+03	3.28904e-21
1.02925e+03	3.26052e-21
1.02960e+03	3.23153e-21
1.02995e+03	3.20205e-21
1.03030e+03	3.17355e-21
1.03065e+03	3.14705e-21
1.03100e+03	3.12156e-21
1.03135e+03	3.09513e-21
1.03170e+03	3.06726e-21
1.03205e+03	3.03954e-21
1.03240e+03	3.01386e-21
1.03275e+03	2.99042e-21
1.03310e+03	2.96798e-21
1.03345e+03	2.94566e-21
1.03380e+03	2.92387e-21
1.03415e+03	2.90327e-21
1.03450e+03	2.88347e-21
1.03485e+03	2.86338e-21
1.03520e+03	2.84262e-21
1.03555e+03	2.82197e-21
1.03590e+03	2.80226e-21
1.03625e+03	2.78312e-21
1.03660e+03	2.76344e-21
1.03695e+03	2.74284e-21
1.03730e+03	2.72220e-21
1.03765e+03	2.70245e-21
1.03800e+03	2.68327e-21
1.03835e+03	2.66335e-21
1.03870e+03	2.64199e-21
1.03905e+03	2.61994e-21
1.03940e+03	2.59851e-21
1.03975e+03	2.57829e-21
1.04010e+03	2.55889e-21
1.04045e+03	2.53989e-21
1.04080e+03	2.52144e-21
1.04115e+03	2.50372e-21
1.04150e+03	2.48628e-21
1.04185e+03	2.46832e-21
1.04220e+03	2.44973e-21
1.04255e+03	2.43134e-21
1.04290e+03	2.41402e-21
1.04325e+03	2.39761e-21
1.04360e+03	2.38117e-21
1.04395e+03	2.36416e-21
1.04430e+03	2.34714e-21
1.04465e+03	2.33097e-21
1.04500e+03	2.31561e-21
1.04535e+03	2.30009e-21
1.04570e+03	2.28362e-21
1.04605e+03	2.26647e-21
1.04640e+03	2.24945e-21
1.04675e+03	2.23280e-21
1.04710e+03	2.21596e-21
1.04745e+03	2.19856e-21
1.04780e+03	2.18111e-21
1.04815e+03	2.16429e-21
1.04850e+03	2.14749e-21
1.04885e+03	2.12842e-21
1.04920e+03	2.10469e-21
1.04955e+03	2.07557e-21
1.04990e+03	2.04249e-21
1.05025e+03	2.00771e-21
1.05060e+03	1.97320e-21
1.05095e+03	1.94062e-21
1.05130e+03	1.91178e-21
1.05165e+03	1.88810e-21
1.05200e+03	1.86915e-21
1.05235e+03	1.85229e-21
1.05270e+03	1.83447e-21
1.05305e+03	1.81473e-21
1.05340e+03	1.79455e-21
1.05375e+03	1.77562e-21
1.05410e+03	1.75760e-21
1.05445e+03	1.73862e-21
1.05480e+03	1.71791e-21
1.05515e+03	1.69697e-21
1.05550e+03	1.67751e-21
1.05585e+03	1.65889e-21
1.05620e+03	1.63856e-21
1.05655e+03	1.61571e-21
1.05690e+03	1.59326e-21
1.05725e+03	1.57490e-21
1.05760e+03	1.55993e-21
1.05795e+03	1.54235e-21
1.05830e+03	1.51667e-21
1.05865e+03	1.48466e-21
1.05900e+03	1.45527e-21
1.05935e+03	1.43661e-21
1.05970e+03	1.42799e-21
1.06005e+03	1.42053e-21
1.06040e+03	1.40566e-21
1.06075e+03	1.38250e-21
1.06110e+03	1.35694e-21
1.06145e+03	1.33461e-21
1.06180e+03	1.31589e-21
1.06215e+03	1.29787e-21
1.06250e+03	1.27914e-21
1.06285e+03	1.26131e-21
1.06320e+03	1.24586e-21
1.06355e+03	1.23128e-21
1.06390e+03	1.21446e-21
1.06425e+03	1.19441e-21
1.06460e+03	1.17350e-21
1.06495e+03	1.15459e-21
1.06530e+03	1.13790e-21
1.06565e+03	1.12130e-21
1.06600e+03	1.10329e-21
1.06635e+03	1.08471e-21
1.06670e+03	1.06724e-21
1.06705e+03	1.05105e-21
1.06740e+03	1.03488e-21
1.06775e+03	1.01792e-21
1.06810e+03	1.00095e-21
1.06845e+03	9.85075e-22
1.06880e+03	9.70053e-22
1.06915e+03	9.54598e-22
1.06950e+03	9.38223e-22
1.06985e+03	9.22069e-22
1.07020e+03	9.07550e-22
1.07055e+03	8.94614e-22
1.07090e+03	8.81846e-22
1.07125e+03	8.68204e-22
1.07160e+03	8.54064e-22
1.07195e+03	8.40386e-22
1.07230e+03	8.27303e-22
1.07265e+03	8.14016e-22
1.07300e+03	7.99955e-22
1.07335e+03	7.85524e-22
1.07370e+03	7.71503e-22
1.07405e+03	7.58068e-22
1.07440e+03	7.44750e-22
1.07475e+03	7.31223e-22
1.07510e+03	7.17755e-22
1.07545e+03	7.04831e-22
1.07580e+03	6.92651e-22
1.07615e+03	6.81182e-22
1.07650e+03	6.70426e-22
1.07685e+03	6.60297e-22
1.07720e+03	6.50334e-22
1.07755e+03	6.39978e-22
1.07790e+03	6.29297e-22
1.07825e+03	6.19087e-22
1.07860e+03	6.09884e-22
1.07895e+03	6.01054e-22
1.07930e+03	5.91310e-22
1.07965e+03	5.80263e-22
1.08000e+03	5.69056e-22
1.08035e+03	5.59115e-22
1.08070e+03	5.50503e-22
1.08105e+03	5.41978e-22
1.08140e+03	5.32658e-22
1.08175e+03	5.23078e-22
1.08210e+03	5.14275e-22
1.08245e+03	5.06234e-22
1.08280e+03	4.97925e-22
1.08315e+03	4.88894e-22
1.08350e+03	4.80086e-22
1.08385e+03	4.72577e-22
1.08420e+03	4.65872e-22
1.08455e+03	4.58257e-22
1.08490e+03	4.49030e-22
1.08525e+03	4.39717e-22
1.08560e+03	4.32483e-22
1.08595e+03	4.27596e-22
1.08630e+03	4.23120e-22
1.08665e+03	4.17225e-22
1.08700e+03	4.10136e-22
1.08735e+03	4.03327e-22
1.08770e+03	3.97258e-22
1.08805e+03	3.90786e-22
1.08840e+03	3.82988e-22
1.08875e+03	3.74768e-22
1.08910e+03	3.67971e-22
1.08945e+03	3.63139e-22
1.08980e+03	3.58930e-22
1.09015e+03	3.53939e-22
1.09050e+03	3.48411e-22
1.09085e+03	3.43569e-22
1.09120e+03	3.39629e-22
1.09155e+03	3.35328e-22
1.09190e+03	3.29645e-22
1.09225e+03	3.23282e-22
1.09260e+03	3.17787e-22
1.09295e+03	3.13515e-22
1.09330e+03	3.09248e-22
1.09365e+03	3.04009e-22
1.09400e+03	2.98534e-22
1.09435e+03	2.94310e-22
1.09470e+03	2.91464e-22
1.09505e+03	2.88408e-22
1.09540e+03	2.83783e-22
1.09575e+03	2.78111e-22
1.09610e+03	2.72976e-22
1.09645e+03	2.68926e-22
1.09680e+03	2.64942e-22
1.09715e+03	2.60073e-22
1.09750e+03	2.54842e-22
1.09785e+03	2.50481e-22
1.09820e+03	2.47158e-22
1.09855e+03	2.43788e-22
1.09890e+03	2.39676e-22
1.09925e+03	2.35591e-22
1.09960e+03	2.32632e-22
1.09995e+03	2.30482e-22
1.10030e+03	2.27618e-22
1.10065e+03	2.23369e-22
1.10100e+03	2.18975e-22
1.10135e+03	2.16032e-22
1.10170e+03	2.14317e-22
1.10205e+03	2.11966e-22
1.10240e+03	2.07898e-22
1.10275e+03	2.03287e-22
1.10310e+03	2.00074e-22
1.10345e+03	1.98480e-22
1.10380e+03	1.96786e-22
1.10415e+03	1.93611e-22
1.10450e+03	1.89606e-22
1.10485e+03	1.86388e-22
1.10520e+03	1.84314e-22
1.10555e+03	1.82174e-22
1.10590e+03	1.79089e-22
1.10625e+03	1.75852e-22
1.10660e+03	1.73804e-22
1.10695e+03	1.72870e-22
1.10730e+03	1.71553e-22
1.10765e+03	1.68918e-22
1.10800e+03	1.65785e-22
1.10835e+03	1.63502e-22
1.10870e+03	1.62056e-22
1.10905e+03	1.60204e-22
1.10940e+03	1.57372e-22
1.10975e+03	1.54543e-22
1.11010e+03	1.52798e-22
1.11045e+03	1.51601e-22
1.11080e+03	1.49397e-22
1.11115e+03	1.45840e-22
1.11150e+03	1.42522e-22
1.11185e+03	1.41015e-22
1.11220e+03	1.40797e-22
1.11255e+03	1.39927e-22
1.11290e+03	1.37631e-22
1.11325e+03	1.35273e-22
1.11360e+03	1.34352e-22
1.11395e+03	1.34272e-22
1.11430e+03	1.33009e-22
1.11465e+03	1.29843e-22
1.11500e+03	1.26434e-22
1.11535e+03	1.24736e-22
1.11570e+03	1.24536e-22
1.11605e+03	1.23931e-22
1.11640e+03	1.22001e-22
1.11675e+03	1.19961e-22
1.11710e+03	1.19249e-22
1.11745e+03	1.19294e-22
1.11780e+03	1.18197e-22
1.11815e+03	1.15427e-22
1.11850e+03	1.12771e-22
1.11885e+03	1.12093e-22
1.11920e+03	1.12903e-22
1.11955e+03	1.13044e-22
1.11990e+03	1.11570e-22
1.12025e+03	1.09832e-22
1.12060e+03	1.09344e-22
1.12095e+03	1.09473e-22
1.12130e+03	1.08286e-22
1.12165e+03	1.05447e-22
1.12200e+03	1.03045e-22
1.12235e+03	1.02981e-22
1.12270e+03	1.04354e-22
1.12305e+03	1.04462e-22
1.12340e+03	1.02233e-22
1.12375e+03	9.95421e-23
1.12410e+03	9.86618e-23
1.12445e+03	9.92760e-23
1.12480e+03	9.90438e-23
1.12515e+03	9.68807e-23
1.12550e+03	9.44722e-23
1.12585e+03	9.40016e-23
1.12620e+03	9.52252e-23
1.12655e+03	9.58487e-23
1.12690e+03	9.45938e-23
1.12725e+03	9.27321e-23
1.12760e+03	9.20886e-23
1.12795e+03	9.24133e-23
1.12830e+03	9.17955e-23
1.12865e+03	8.94788e-23
1.12900e+03	8.70856e-23
1.12935e+03	8.65228e-23
1.12970e+03	8.74865e-23
1.13005e+03	8.80141e-23
1.13040e+03	8.72413e-23
1.13075e+03	8.64564e-23
1.13110e+03	8.70074e-23
1.13145e+03	8.81166e-23
1.13180e+03	8.78306e-23
1.13215e+03	8.58646e-23
1.13250e+03	8.42775e-23
1.13285e+03	8.48106e-23
1.13320e+03	8.64238e-23
1.13355e+03	8.64828e-23
1.13390e+03	8.41443e-23
1.13425e+03	8.14375e-23
1.13460e+03	8.05963e-23
1.13495e+03	8.12404e-23
1.13530e+03	8.11523e-23
1.13565e+03	7.94632e-23
1.13600e+03	7.78234e-23
1.13635e+03	7.79994e-23
1.13670e+03	7.92975e-23
1.13705e+03	7.94149e-23
1.13740e+03	7.75349e-23
1.13775e+03	7.53828e-23
1.13810e+03	7.48211e-23
1.13845e+03	7.53675e-23
1.13880e+03	7.50732e-23
1.13915e+03	7.34555e-23
1.13950e+03	7.22986e-23
1.13985e+03	7.31479e-23
1.14020e+03	7.50142e-23
1.14055e+03	7.55712e-23
1.14090e+03	7.42508e-23
1.14125e+03	7.29312e-23
1.14160e+03	7.32283e-23
1.14195e+03	7.41707e-23
1.14230e+03	7.35697e-23
1.14265e+03	7.12371e-23
1.14300e+03	6.95180e-23
1.14335e+03	7.02347e-23
1.14370e+03	7.21633e-23
1.14405e+03	7.25839e-23
1.14440e+03	7.09066e-23
1.14475e+03	6.94450e-23
1.14510e+03	7.02045e-23
1.14545e+03	7.20004e-23
1.14580e+03	7.18623e-23
1.14615e+03	6.89262e-23
1.14650e+03	6.56268e-23
1.14685e+03	6.45983e-23
1.14720e+03	6.54240e-23
1.14755e+03	6.55158e-23
1.14790e+03	6.38196e-23
1.14825e+03	6.22783e-23
1.14860e+03	6.30631e-23
1.14895e+03	6.52758e-23
1.14930e+03	6.55248e-23
1.14965e+03	6.17057e-23
1.15000e+03	6.17057e-23
