800.40	1.77512E-24
800.60	2.76640E-24
800.80	3.47174E-24
801.00	3.92828E-24
801.20	4.17314E-24
801.40	4.24346E-24
801.60	4.17636E-24
801.80	4.00897E-24
802.00	3.77843E-24
802.20	3.36445E-24
802.40	3.42374E-24
802.60	3.49967E-24
802.80	3.40418E-24
803.00	3.63044E-24
803.20	3.65885E-24
803.40	3.92473E-24
803.60	3.68082E-24
803.80	3.80181E-24
804.00	3.73930E-24
804.20	3.93892E-24
804.40	3.77721E-24
804.60	3.83576E-24
804.80	3.93777E-24
805.00	3.74804E-24
805.20	3.82965E-24
805.40	3.74504E-24
805.60	3.74611E-24
805.80	3.70050E-24
806.00	3.74618E-24
806.20	3.53199E-24
806.40	3.92690E-24
806.60	4.03354E-24
806.80	3.86511E-24
807.00	3.92710E-24
807.20	3.63237E-24
807.40	3.83529E-24
807.60	3.53095E-24
807.80	3.72831E-24
808.00	3.70320E-24
808.20	3.74967E-24
808.40	3.60897E-24
808.60	3.71152E-24
808.80	3.82412E-24
809.00	3.37407E-24
809.20	3.57511E-24
809.40	3.27986E-24
809.60	3.39976E-24
809.80	3.42007E-24
810.00	3.54683E-24
810.20	3.18120E-24
810.40	3.58178E-24
810.60	3.48901E-24
810.80	3.26979E-24
811.00	3.29776E-24
811.20	3.48100E-24
811.40	3.70212E-24
811.60	3.59095E-24
811.80	3.92819E-24
812.00	3.94497E-24
812.20	4.06120E-24
812.40	3.81151E-24
812.60	3.98000E-24
812.80	3.98651E-24
813.00	4.07166E-24
813.20	4.19817E-24
813.40	3.92261E-24
813.60	4.16797E-24
813.80	4.22682E-24
814.00	3.88246E-24
814.20	3.30582E-24
814.40	3.72693E-24
814.60	3.72033E-24
814.80	3.65317E-24
815.00	3.57321E-24
815.20	3.81314E-24
815.40	3.68425E-24
815.60	3.25569E-24
815.80	3.70751E-24
816.00	3.78227E-24
816.20	3.95755E-24
816.40	3.85780E-24
816.60	4.03389E-24
816.80	4.03584E-24
817.00	3.94638E-24
817.20	3.76305E-24
817.40	3.85321E-24
817.60	3.95987E-24
817.80	3.99068E-24
818.00	4.11909E-24
818.20	3.93700E-24
818.40	3.98366E-24
818.60	3.83951E-24
818.80	3.87919E-24
819.00	3.98392E-24
819.20	3.86174E-24
819.40	3.69698E-24
819.60	3.63524E-24
819.80	3.80615E-24
820.00	3.62513E-24
820.20	3.97434E-24
820.40	3.72360E-24
820.60	3.78384E-24
820.80	3.80307E-24
821.00	3.77807E-24
821.20	3.97424E-24
821.40	3.92572E-24
821.60	4.04841E-24
821.80	4.28143E-24
822.00	4.16164E-24
822.20	3.99153E-24
822.40	4.47269E-24
822.60	4.36318E-24
822.80	4.44191E-24
823.00	4.41761E-24
823.20	4.68410E-24
823.40	4.70680E-24
823.60	4.56447E-24
823.80	4.51226E-24
824.00	4.55893E-24
824.20	4.45937E-24
824.40	4.28186E-24
824.60	4.75484E-24
824.80	4.73673E-24
825.00	4.80151E-24
825.20	4.95928E-24
825.40	5.19877E-24
825.60	5.44570E-24
825.80	5.62286E-24
826.00	5.71575E-24
826.20	5.95070E-24
826.40	5.88913E-24
826.60	5.80185E-24
826.80	6.24271E-24
827.00	6.33554E-24
827.20	6.44294E-24
827.40	6.39222E-24
827.60	6.14571E-24
827.80	6.02889E-24
828.00	5.86393E-24
828.20	5.81038E-24
828.40	5.85371E-24
828.60	5.82049E-24
828.80	5.62089E-24
829.00	5.57257E-24
829.20	5.42557E-24
829.40	5.33505E-24
829.60	5.46403E-24
829.80	5.53174E-24
830.00	5.75641E-24
830.20	6.11363E-24
830.40	6.47710E-24
830.60	6.81199E-24
830.80	7.03465E-24
831.00	7.26656E-24
831.20	7.73876E-24
831.40	7.92412E-24
831.60	8.07565E-24
831.80	8.28116E-24
832.00	8.39183E-24
832.20	8.31119E-24
832.40	8.30990E-24
832.60	8.42143E-24
832.80	8.61105E-24
833.00	9.07134E-24
833.20	9.60951E-24
833.40	1.01029E-23
833.60	1.04589E-23
833.80	1.07384E-23
834.00	1.11082E-23
834.20	1.13178E-23
834.40	1.15058E-23
834.60	1.15528E-23
834.80	1.16066E-23
835.00	1.14582E-23
835.20	1.12304E-23
835.40	1.08903E-23
835.60	1.04677E-23
835.80	1.02813E-23
836.00	1.03423E-23
836.20	1.07723E-23
836.40	1.14236E-23
836.60	1.19876E-23
836.80	1.24786E-23
837.00	1.28476E-23
837.20	1.31372E-23
837.40	1.34238E-23
837.60	1.36893E-23
837.80	1.39975E-23
838.00	1.42375E-23
838.20	1.44730E-23
838.40	1.45083E-23
838.60	1.45255E-23
838.80	1.44781E-23
839.00	1.45729E-23
839.20	1.48231E-23
839.40	1.51131E-23
839.60	1.53487E-23
839.80	1.55318E-23
840.00	1.55661E-23
840.20	1.56128E-23
840.40	1.57423E-23
840.60	1.59154E-23
840.80	1.61884E-23
841.00	1.64764E-23
841.20	1.68404E-23
841.40	1.72529E-23
841.60	1.76308E-23
841.80	1.80372E-23
842.00	1.87856E-23
842.20	1.93726E-23
842.40	2.00076E-23
842.60	2.03228E-23
842.80	2.05726E-23
843.00	2.06364E-23
843.20	2.06455E-23
843.40	2.06827E-23
843.60	2.08344E-23
843.80	2.10673E-23
844.00	2.12110E-23
844.20	2.14381E-23
844.40	2.15748E-23
844.60	2.17106E-23
844.80	2.19824E-23
845.00	2.21522E-23
845.20	2.26326E-23
845.40	2.31556E-23
845.60	2.35480E-23
845.80	2.38805E-23
846.00	2.39895E-23
846.20	2.41722E-23
846.40	2.44250E-23
846.60	2.46911E-23
846.80	2.50046E-23
847.00	2.54662E-23
847.20	2.59687E-23
847.40	2.64724E-23
847.60	2.70002E-23
847.80	2.76593E-23
848.00	2.83674E-23
848.20	2.90870E-23
848.40	2.98118E-23
848.60	3.06489E-23
848.80	3.10652E-23
849.00	3.12490E-23
849.20	3.12608E-23
849.40	3.11825E-23
849.60	3.09622E-23
849.80	3.09517E-23
850.00	3.12128E-23
850.20	3.16674E-23
850.40	3.22380E-23
850.60	3.29537E-23
850.80	3.38249E-23
851.00	3.47089E-23
851.20	3.54885E-23
851.40	3.63051E-23
851.60	3.70432E-23
851.80	3.76436E-23
852.00	3.79726E-23
852.20	3.82188E-23
852.40	3.83166E-23
852.60	3.84146E-23
852.80	3.86086E-23
853.00	3.88793E-23
853.20	3.93650E-23
853.40	3.99656E-23
853.60	4.07028E-23
853.80	4.13126E-23
854.00	4.19256E-23
854.20	4.24584E-23
854.40	4.30963E-23
854.60	4.36420E-23
854.80	4.41525E-23
855.00	4.47752E-23
855.20	4.52759E-23
855.40	4.58689E-23
855.60	4.65753E-23
855.80	4.74549E-23
856.00	4.84070E-23
856.20	4.93524E-23
856.40	5.03195E-23
856.60	5.13297E-23
856.80	5.21620E-23
857.00	5.30636E-23
857.20	5.38607E-23
857.40	5.46745E-23
857.60	5.55793E-23
857.80	5.64817E-23
858.00	5.75048E-23
858.20	5.82484E-23
858.40	5.89220E-23
858.60	5.93877E-23
858.80	5.99603E-23
859.00	6.03688E-23
859.20	6.08493E-23
859.40	6.12010E-23
859.60	6.15941E-23
859.80	6.21067E-23
860.00	6.26087E-23
860.20	6.33354E-23
860.40	6.43704E-23
860.60	6.55696E-23
860.80	6.68705E-23
861.00	6.85341E-23
861.20	7.01242E-23
861.40	7.17165E-23
861.60	7.30636E-23
861.80	7.41657E-23
862.00	7.51269E-23
862.20	7.60327E-23
862.40	7.68898E-23
862.60	7.76729E-23
862.80	7.82790E-23
863.00	7.88800E-23
863.20	7.95547E-23
863.40	8.03013E-23
863.60	8.13461E-23
863.80	8.27000E-23
864.00	8.41489E-23
864.20	8.56090E-23
864.40	8.72140E-23
864.60	8.87806E-23
864.80	9.01766E-23
865.00	9.16384E-23
865.20	9.31278E-23
865.40	9.47153E-23
865.60	9.61752E-23
865.80	9.74587E-23
866.00	9.87806E-23
866.20	9.98567E-23
866.40	1.00971E-22
866.60	1.02214E-22
866.80	1.03765E-22
867.00	1.05268E-22
867.20	1.06839E-22
867.40	1.08359E-22
867.60	1.09915E-22
867.80	1.11406E-22
868.00	1.12947E-22
868.20	1.14552E-22
868.40	1.16289E-22
868.60	1.17993E-22
868.80	1.19569E-22
869.00	1.21055E-22
869.20	1.22512E-22
869.40	1.24212E-22
869.60	1.26019E-22
869.80	1.28264E-22
870.00	1.30494E-22
870.20	1.32725E-22
870.40	1.34862E-22
870.60	1.36995E-22
870.80	1.39027E-22
871.00	1.40887E-22
871.20	1.42804E-22
871.40	1.44794E-22
871.60	1.46832E-22
871.80	1.48789E-22
872.00	1.50707E-22
872.20	1.52675E-22
872.40	1.54641E-22
872.60	1.56875E-22
872.80	1.59290E-22
873.00	1.61861E-22
873.20	1.64572E-22
873.40	1.67193E-22
873.60	1.69775E-22
873.80	1.72278E-22
874.00	1.74728E-22
874.20	1.77081E-22
874.40	1.79468E-22
874.60	1.82083E-22
874.80	1.84865E-22
875.00	1.87778E-22
875.20	1.90636E-22
875.40	1.93493E-22
875.60	1.96635E-22
875.80	1.99641E-22
876.00	2.02755E-22
876.20	2.05869E-22
876.40	2.09261E-22
876.60	2.12770E-22
876.80	2.16294E-22
877.00	2.19968E-22
877.20	2.23497E-22
877.40	2.26865E-22
877.60	2.30294E-22
877.80	2.33913E-22
878.00	2.37653E-22
878.20	2.41285E-22
878.40	2.45112E-22
878.60	2.48717E-22
878.80	2.52388E-22
879.00	2.56257E-22
879.20	2.60227E-22
879.40	2.64343E-22
879.60	2.68471E-22
879.80	2.72621E-22
880.00	2.76736E-22
880.20	2.81076E-22
880.40	2.85497E-22
880.60	2.90062E-22
880.80	2.94663E-22
881.00	2.99396E-22
881.20	3.04104E-22
881.40	3.08937E-22
881.60	3.13809E-22
881.80	3.18881E-22
882.00	3.23868E-22
882.20	3.29082E-22
882.40	3.34289E-22
882.60	3.39673E-22
882.80	3.45146E-22
883.00	3.50518E-22
883.20	3.55934E-22
883.40	3.61671E-22
883.60	3.67848E-22
883.80	3.74194E-22
884.00	3.80617E-22
884.20	3.86966E-22
884.40	3.93050E-22
884.60	3.99097E-22
884.80	4.05196E-22
885.00	4.11567E-22
885.20	4.17878E-22
885.40	4.24159E-22
885.60	4.30551E-22
885.80	4.37219E-22
886.00	4.44043E-22
886.20	4.51044E-22
886.40	4.58159E-22
886.60	4.65340E-22
886.80	4.72583E-22
887.00	4.80073E-22
887.20	4.87743E-22
887.40	4.95346E-22
887.60	5.02701E-22
887.80	5.09964E-22
888.00	5.17508E-22
888.20	5.25102E-22
888.40	5.32875E-22
888.60	5.40652E-22
888.80	5.48728E-22
889.00	5.56947E-22
889.20	5.65338E-22
889.40	5.74041E-22
889.60	5.82770E-22
889.80	5.91635E-22
890.00	6.00641E-22
890.20	6.09901E-22
890.40	6.19301E-22
890.60	6.28551E-22
890.80	6.37879E-22
891.00	6.46992E-22
891.20	6.56194E-22
891.40	6.65302E-22
891.60	6.74628E-22
891.80	6.83748E-22
892.00	6.92648E-22
892.20	7.01731E-22
892.40	7.11093E-22
892.60	7.20601E-22
892.80	7.30332E-22
893.00	7.40148E-22
893.20	7.50222E-22
893.40	7.60470E-22
893.60	7.70770E-22
893.80	7.81227E-22
894.00	7.91586E-22
894.20	8.02119E-22
894.40	8.12506E-22
894.60	8.23115E-22
894.80	8.33966E-22
895.00	8.45021E-22
895.20	8.56166E-22
895.40	8.67325E-22
895.60	8.78753E-22
895.80	8.90420E-22
896.00	9.02199E-22
896.20	9.14047E-22
896.40	9.25933E-22
896.60	9.38024E-22
896.80	9.50424E-22
897.00	9.62894E-22
897.20	9.75370E-22
897.40	9.87827E-22
897.60	1.00035E-21
897.80	1.01295E-21
898.00	1.02570E-21
898.20	1.03878E-21
898.40	1.05185E-21
898.60	1.06527E-21
898.80	1.07863E-21
899.00	1.09208E-21
899.20	1.10576E-21
899.40	1.11940E-21
899.60	1.13362E-21
899.80	1.14799E-21
900.00	1.16252E-21
900.20	1.17720E-21
900.40	1.19197E-21
900.60	1.20679E-21
900.80	1.22156E-21
901.00	1.23644E-21
901.20	1.25141E-21
901.40	1.26611E-21
901.60	1.28120E-21
901.80	1.29660E-21
902.00	1.31215E-21
902.20	1.32771E-21
902.40	1.34316E-21
902.60	1.35887E-21
902.80	1.37451E-21
903.00	1.39075E-21
903.20	1.40709E-21
903.40	1.42324E-21
903.60	1.43958E-21
903.80	1.45587E-21
904.00	1.47235E-21
904.20	1.48865E-21
904.40	1.50488E-21
904.60	1.52126E-21
904.80	1.53760E-21
905.00	1.55433E-21
905.20	1.57109E-21
905.40	1.58799E-21
905.60	1.60491E-21
905.80	1.62151E-21
906.00	1.63815E-21
906.20	1.65487E-21
906.40	1.67162E-21
906.60	1.68832E-21
906.80	1.70502E-21
907.00	1.72180E-21
907.20	1.73859E-21
907.40	1.75538E-21
907.60	1.77198E-21
907.80	1.78859E-21
908.00	1.80553E-21
908.20	1.82217E-21
908.40	1.83905E-21
908.60	1.85607E-21
908.80	1.87335E-21
909.00	1.89044E-21
909.20	1.90742E-21
909.40	1.92443E-21
909.60	1.94140E-21
909.80	1.95812E-21
910.00	1.97460E-21
910.20	1.99125E-21
910.40	2.00756E-21
910.60	2.02389E-21
910.80	2.04013E-21
911.00	2.05612E-21
911.20	2.07211E-21
911.40	2.08792E-21
911.60	2.10341E-21
911.80	2.11901E-21
912.00	2.13449E-21
912.20	2.15008E-21
912.40	2.16587E-21
912.60	2.18160E-21
912.80	2.19720E-21
913.00	2.21295E-21
913.20	2.22841E-21
913.40	2.24338E-21
913.60	2.25846E-21
913.80	2.27339E-21
914.00	2.28789E-21
914.20	2.30240E-21
914.40	2.31644E-21
914.60	2.33015E-21
914.80	2.34341E-21
915.00	2.35676E-21
915.20	2.37006E-21
915.40	2.38320E-21
915.60	2.39643E-21
915.80	2.40966E-21
916.00	2.42251E-21
916.20	2.43496E-21
916.40	2.44791E-21
916.60	2.45996E-21
916.80	2.47184E-21
917.00	2.48355E-21
917.20	2.49532E-21
917.40	2.50687E-21
917.60	2.51864E-21
917.80	2.52981E-21
918.00	2.54077E-21
918.20	2.55151E-21
918.40	2.56237E-21
918.60	2.57329E-21
918.80	2.58412E-21
919.00	2.59416E-21
919.20	2.60411E-21
919.40	2.61376E-21
919.60	2.62296E-21
919.80	2.63199E-21
920.00	2.64040E-21
920.20	2.64897E-21
920.40	2.65739E-21
920.60	2.66573E-21
920.80	2.67408E-21
921.00	2.68204E-21
921.20	2.68929E-21
921.40	2.69663E-21
921.60	2.70394E-21
921.80	2.71112E-21
922.00	2.71797E-21
922.20	2.72469E-21
922.40	2.73085E-21
922.60	2.73704E-21
922.80	2.74309E-21
923.00	2.74929E-21
923.20	2.75500E-21
923.40	2.76041E-21
923.60	2.76590E-21
923.80	2.77162E-21
924.00	2.77671E-21
924.20	2.78192E-21
924.40	2.78696E-21
924.60	2.79171E-21
924.80	2.79648E-21
925.00	2.80086E-21
925.20	2.80529E-21
925.40	2.80941E-21
925.60	2.81366E-21
925.80	2.81803E-21
926.00	2.82209E-21
926.20	2.82628E-21
926.40	2.83025E-21
926.60	2.83364E-21
926.80	2.83683E-21
927.00	2.84027E-21
927.20	2.84371E-21
927.40	2.84698E-21
927.60	2.84990E-21
927.80	2.85258E-21
928.00	2.85509E-21
928.20	2.85780E-21
928.40	2.86044E-21
928.60	2.86325E-21
928.80	2.86603E-21
929.00	2.86894E-21
929.20	2.87206E-21
929.40	2.87513E-21
929.60	2.87845E-21
929.80	2.88138E-21
930.00	2.88378E-21
930.20	2.88623E-21
930.40	2.88883E-21
930.60	2.89103E-21
930.80	2.89314E-21
931.00	2.89544E-21
931.20	2.89796E-21
931.40	2.90041E-21
931.60	2.90311E-21
931.80	2.90575E-21
932.00	2.90827E-21
932.20	2.91107E-21
932.40	2.91384E-21
932.60	2.91695E-21
932.80	2.92011E-21
933.00	2.92345E-21
933.20	2.92643E-21
933.40	2.92908E-21
933.60	2.93186E-21
933.80	2.93462E-21
934.00	2.93738E-21
934.20	2.94009E-21
934.40	2.94300E-21
934.60	2.94576E-21
934.80	2.94849E-21
935.00	2.95129E-21
935.20	2.95373E-21
935.40	2.95631E-21
935.60	2.95876E-21
935.80	2.96075E-21
936.00	2.96289E-21
936.20	2.96527E-21
936.40	2.96766E-21
936.60	2.97001E-21
936.80	2.97210E-21
937.00	2.97442E-21
937.20	2.97673E-21
937.40	2.97901E-21
937.60	2.98077E-21
937.80	2.98295E-21
938.00	2.98471E-21
938.20	2.98659E-21
938.40	2.98813E-21
938.60	2.98954E-21
938.80	2.99104E-21
939.00	2.99203E-21
939.20	2.99275E-21
939.40	2.99361E-21
939.60	2.99460E-21
939.80	2.99556E-21
940.00	2.99657E-21
940.20	2.99720E-21
940.40	2.99840E-21
940.60	2.99960E-21
940.80	3.00057E-21
941.00	3.00125E-21
941.20	3.00209E-21
941.40	3.00248E-21
941.60	3.00259E-21
941.80	3.00241E-21
942.00	3.00231E-21
942.20	3.00204E-21
942.40	3.00147E-21
942.60	3.00076E-21
942.80	3.00008E-21
943.00	2.99912E-21
943.20	2.99814E-21
943.40	2.99715E-21
943.60	2.99598E-21
943.80	2.99506E-21
944.00	2.99393E-21
944.20	2.99262E-21
944.40	2.99115E-21
944.60	2.98934E-21
944.80	2.98738E-21
945.00	2.98517E-21
945.20	2.98331E-21
945.40	2.98127E-21
945.60	2.97921E-21
945.80	2.97687E-21
946.00	2.97427E-21
946.20	2.97170E-21
946.40	2.96902E-21
946.60	2.96629E-21
946.80	2.96336E-21
947.00	2.96022E-21
947.20	2.95679E-21
947.40	2.95288E-21
947.60	2.94862E-21
947.80	2.94435E-21
948.00	2.93989E-21
948.20	2.93521E-21
948.40	2.93066E-21
948.60	2.92614E-21
948.80	2.92139E-21
949.00	2.91637E-21
949.20	2.91155E-21
949.40	2.90665E-21
949.60	2.90186E-21
949.80	2.89682E-21
950.00	2.89174E-21
950.20	2.88683E-21
950.40	2.88170E-21
950.60	2.87641E-21
950.80	2.87131E-21
951.00	2.86628E-21
951.20	2.86132E-21
951.40	2.85578E-21
951.60	2.85013E-21
951.80	2.84421E-21
952.00	2.83815E-21
952.20	2.83192E-21
952.40	2.82540E-21
952.60	2.81900E-21
952.80	2.81233E-21
953.00	2.80583E-21
953.20	2.79901E-21
953.40	2.79219E-21
953.60	2.78574E-21
953.80	2.77931E-21
954.00	2.77316E-21
954.20	2.76731E-21
954.40	2.76157E-21
954.60	2.75586E-21
954.80	2.74999E-21
955.00	2.74448E-21
955.20	2.73873E-21
955.40	2.73335E-21
955.60	2.72782E-21
955.80	2.72227E-21
956.00	2.71705E-21
956.20	2.71189E-21
956.40	2.70698E-21
956.60	2.70220E-21
956.80	2.69746E-21
957.00	2.69318E-21
957.20	2.68921E-21
957.40	2.68555E-21
957.60	2.68208E-21
957.80	2.67882E-21
958.00	2.67597E-21
958.20	2.67329E-21
958.40	2.67065E-21
958.60	2.66822E-21
958.80	2.66597E-21
959.00	2.66371E-21
959.20	2.66162E-21
959.40	2.65986E-21
959.60	2.65824E-21
959.80	2.65679E-21
960.00	2.65573E-21
960.20	2.65493E-21
960.40	2.65445E-21
960.60	2.65410E-21
960.80	2.65434E-21
961.00	2.65488E-21
961.20	2.65579E-21
961.40	2.65727E-21
961.60	2.65932E-21
961.80	2.66135E-21
962.00	2.66375E-21
962.20	2.66672E-21
962.40	2.66985E-21
962.60	2.67306E-21
962.80	2.67659E-21
963.00	2.68045E-21
963.20	2.68466E-21
963.40	2.68919E-21
963.60	2.69407E-21
963.80	2.69919E-21
964.00	2.70450E-21
964.20	2.71066E-21
964.40	2.71734E-21
964.60	2.72470E-21
964.80	2.73243E-21
965.00	2.74079E-21
965.20	2.74951E-21
965.40	2.75904E-21
965.60	2.76913E-21
965.80	2.78009E-21
966.00	2.79198E-21
966.20	2.80453E-21
966.40	2.81795E-21
966.60	2.83257E-21
966.80	2.84804E-21
967.00	2.86446E-21
967.20	2.88227E-21
967.40	2.90199E-21
967.60	2.92369E-21
967.80	2.94766E-21
968.00	2.97449E-21
968.20	3.00399E-21
968.40	3.03664E-21
968.60	3.07457E-21
968.80	3.11777E-21
969.00	3.16616E-21
969.20	3.22187E-21
969.40	3.28698E-21
969.60	3.36324E-21
969.80	3.45159E-21
970.00	3.55548E-21
970.20	3.67904E-21
970.40	3.82353E-21
970.60	3.99375E-21
970.80	4.19580E-21
971.00	4.43322E-21
971.20	4.70814E-21
971.40	5.02595E-21
971.60	5.38818E-21
971.80	5.80958E-21
972.00	6.25074E-21
972.20	6.74136E-21
972.40	7.24321E-21
972.60	7.75729E-21
972.80	8.22769E-21
973.00	8.72682E-21
973.20	9.14762E-21
973.40	9.52421E-21
973.60	9.83422E-21
973.80	1.01158E-20
974.00	1.03236E-20
974.20	1.04569E-20
974.40	1.05387E-20
974.60	1.05927E-20
974.80	1.06157E-20
975.00	1.06124E-20
975.20	1.06154E-20
975.40	1.06133E-20
975.60	1.06205E-20
975.80	1.06160E-20
976.00	1.05941E-20
976.20	1.05733E-20
976.40	1.05847E-20
976.60	1.05489E-20
976.80	1.05257E-20
977.00	1.04884E-20
977.20	1.04376E-20
977.40	1.03317E-20
977.60	1.01859E-20
977.80	1.00122E-20
978.00	9.80422E-21
978.20	9.54618E-21
978.40	9.25070E-21
978.60	8.93762E-21
978.80	8.59871E-21
979.00	8.22115E-21
979.20	7.83470E-21
979.40	7.43214E-21
979.60	7.05539E-21
979.80	6.67911E-21
980.00	6.32946E-21
980.20	5.98860E-21
980.40	5.66924E-21
980.60	5.36279E-21
980.80	5.08546E-21
981.00	4.82049E-21
981.20	4.57371E-21
981.40	4.34423E-21
981.60	4.13277E-21
981.80	3.93617E-21
982.00	3.75599E-21
982.20	3.59161E-21
982.40	3.43929E-21
982.60	3.29954E-21
982.80	3.17185E-21
983.00	3.05459E-21
983.20	2.94648E-21
983.40	2.84751E-21
983.60	2.75721E-21
983.80	2.67391E-21
984.00	2.59643E-21
984.20	2.52520E-21
984.40	2.46028E-21
984.60	2.39996E-21
984.80	2.34377E-21
985.00	2.29265E-21
985.20	2.24485E-21
985.40	2.20043E-21
985.60	2.15922E-21
985.80	2.12067E-21
986.00	2.08433E-21
986.20	2.05038E-21
986.40	2.01864E-21
986.60	1.98880E-21
986.80	1.96049E-21
987.00	1.93389E-21
987.20	1.90898E-21
987.40	1.88530E-21
987.60	1.86293E-21
987.80	1.84177E-21
988.00	1.82174E-21
988.20	1.80274E-21
988.40	1.78438E-21
988.60	1.76687E-21
988.80	1.74991E-21
989.00	1.73363E-21
989.20	1.71813E-21
989.40	1.70316E-21
989.60	1.68850E-21
989.80	1.67434E-21
990.00	1.66053E-21
990.20	1.64702E-21
990.40	1.63369E-21
990.60	1.62109E-21
990.80	1.60893E-21
991.00	1.59710E-21
991.20	1.58552E-21
991.40	1.57446E-21
991.60	1.56355E-21
991.80	1.55275E-21
992.00	1.54221E-21
992.20	1.53210E-21
992.40	1.52225E-21
992.60	1.51283E-21
992.80	1.50351E-21
993.00	1.49425E-21
993.20	1.48524E-21
993.40	1.47634E-21
993.60	1.46762E-21
993.80	1.45890E-21
994.00	1.45067E-21
994.20	1.44240E-21
994.40	1.43449E-21
994.60	1.42658E-21
994.80	1.41884E-21
995.00	1.41151E-21
995.20	1.40436E-21
995.40	1.39712E-21
995.60	1.39007E-21
995.80	1.38294E-21
996.00	1.37575E-21
996.20	1.36829E-21
996.40	1.36096E-21
996.60	1.35384E-21
996.80	1.34670E-21
997.00	1.33976E-21
997.20	1.33286E-21
997.40	1.32581E-21
997.60	1.31887E-21
997.80	1.31221E-21
998.00	1.30545E-21
998.20	1.29887E-21
998.40	1.29254E-21
998.60	1.28584E-21
998.80	1.27903E-21
999.00	1.27224E-21
999.20	1.26509E-21
999.40	1.25782E-21
999.60	1.25076E-21
999.80	1.24369E-21
1000.00	1.23655E-21
1000.20	1.22950E-21
1000.40	1.22228E-21
1000.60	1.21504E-21
1000.80	1.20738E-21
1001.00	1.19987E-21
1001.20	1.19216E-21
1001.40	1.18440E-21
1001.60	1.17637E-21
1001.80	1.16848E-21
1002.00	1.16045E-21
1002.20	1.15255E-21
1002.40	1.14465E-21
1002.60	1.13675E-21
1002.80	1.12894E-21
1003.00	1.12098E-21
1003.20	1.11287E-21
1003.40	1.10471E-21
1003.60	1.09644E-21
1003.80	1.08773E-21
1004.00	1.07911E-21
1004.20	1.07035E-21
1004.40	1.06148E-21
1004.60	1.05252E-21
1004.80	1.04351E-21
1005.00	1.03451E-21
1005.20	1.02567E-21
1005.40	1.01693E-21
1005.60	1.00827E-21
1005.80	9.99487E-22
1006.00	9.90706E-22
1006.20	9.81999E-22
1006.40	9.73195E-22
1006.60	9.64469E-22
1006.80	9.55666E-22
1007.00	9.46940E-22
1007.20	9.38326E-22
1007.40	9.29956E-22
1007.60	9.21734E-22
1007.80	9.13532E-22
1008.00	9.05285E-22
1008.20	8.97000E-22
1008.40	8.88619E-22
1008.60	8.80045E-22
1008.80	8.71316E-22
1009.00	8.62505E-22
1009.20	8.53758E-22
1009.40	8.45189E-22
1009.60	8.36827E-22
1009.80	8.28687E-22
1010.00	8.20839E-22
1010.20	8.13288E-22
1010.40	8.05914E-22
1010.60	7.98495E-22
1010.80	7.90840E-22
1011.00	7.82904E-22
1011.20	7.74783E-22
1011.40	7.66614E-22
1011.60	7.58537E-22
1011.80	7.50698E-22
1012.00	7.43232E-22
1012.20	7.36184E-22
1012.40	7.29447E-22
1012.60	7.22808E-22
1012.80	7.16077E-22
1013.00	7.09182E-22
1013.20	7.02137E-22
1013.40	6.94975E-22
1013.60	6.87702E-22
1013.80	6.80340E-22
1014.00	6.72944E-22
1014.20	6.65579E-22
1014.40	6.58273E-22
1014.60	6.51023E-22
1014.80	6.43850E-22
1015.00	6.36811E-22
1015.20	6.29955E-22
1015.40	6.23262E-22
1015.60	6.16655E-22
1015.80	6.10063E-22
1016.00	6.03474E-22
1016.20	5.96914E-22
1016.40	5.90399E-22
1016.60	5.83933E-22
1016.80	5.77538E-22
1017.00	5.71264E-22
1017.20	5.65142E-22
1017.40	5.59134E-22
1017.60	5.53152E-22
1017.80	5.47126E-22
1018.00	5.41057E-22
1018.20	5.34994E-22
1018.40	5.28975E-22
1018.60	5.23006E-22
1018.80	5.17083E-22
1019.00	5.11220E-22
1019.20	5.05422E-22
1019.40	4.99663E-22
1019.60	4.93895E-22
1019.80	4.88096E-22
1020.00	4.82304E-22
1020.20	4.76580E-22
1020.40	4.70958E-22
1020.60	4.65428E-22
1020.80	4.59971E-22
1021.00	4.54592E-22
1021.20	4.49318E-22
1021.40	4.44158E-22
1021.60	4.39097E-22
1021.80	4.34108E-22
1022.00	4.29178E-22
1022.20	4.24300E-22
1022.40	4.19454E-22
1022.60	4.14607E-22
1022.80	4.09749E-22
1023.00	4.04905E-22
1023.20	4.00111E-22
1023.40	3.95369E-22
1023.60	3.90641E-22
1023.80	3.85883E-22
1024.00	3.81087E-22
1024.20	3.76296E-22
1024.40	3.71574E-22
1024.60	3.66979E-22
1024.80	3.62542E-22
1025.00	3.58263E-22
1025.20	3.54100E-22
1025.40	3.49979E-22
1025.60	3.45828E-22
1025.80	3.41610E-22
1026.00	3.37344E-22
1026.20	3.33075E-22
1026.40	3.28832E-22
1026.60	3.24615E-22
1026.80	3.20402E-22
1027.00	3.16173E-22
1027.20	3.11919E-22
1027.40	3.07647E-22
1027.60	3.03386E-22
1027.80	2.99195E-22
1028.00	2.95144E-22
1028.20	2.91273E-22
1028.40	2.87568E-22
1028.60	2.83961E-22
1028.80	2.80372E-22
1029.00	2.76742E-22
1029.20	2.73039E-22
1029.40	2.69259E-22
1029.60	2.65426E-22
1029.80	2.61589E-22
1030.00	2.57813E-22
1030.20	2.54146E-22
1030.40	2.50604E-22
1030.60	2.47179E-22
1030.80	2.43866E-22
1031.00	2.40668E-22
1031.20	2.37576E-22
1031.40	2.34556E-22
1031.60	2.31556E-22
1031.80	2.28545E-22
1032.00	2.25525E-22
1032.20	2.22518E-22
1032.40	2.19532E-22
1032.60	2.16561E-22
1032.80	2.13599E-22
1033.00	2.10656E-22
1033.20	2.07749E-22
1033.40	2.04884E-22
1033.60	2.02058E-22
1033.80	1.99268E-22
1034.00	1.96523E-22
1034.20	1.93829E-22
1034.40	1.91172E-22
1034.60	1.88526E-22
1034.80	1.85878E-22
1035.00	1.83245E-22
1035.20	1.80652E-22
1035.40	1.78109E-22
1035.60	1.75604E-22
1035.80	1.73126E-22
1036.00	1.70680E-22
1036.20	1.68284E-22
1036.40	1.65951E-22
1036.60	1.63676E-22
1036.80	1.61454E-22
1037.00	1.59284E-22
1037.20	1.57164E-22
1037.40	1.55079E-22
1037.60	1.53000E-22
1037.80	1.50909E-22
1038.00	1.48812E-22
1038.20	1.46732E-22
1038.40	1.44689E-22
1038.60	1.42686E-22
1038.80	1.40721E-22
1039.00	1.38795E-22
1039.20	1.36913E-22
1039.40	1.35073E-22
1039.60	1.33265E-22
1039.80	1.31484E-22
1040.00	1.29738E-22
1040.20	1.28035E-22
1040.40	1.26368E-22
1040.60	1.24715E-22
1040.80	1.23053E-22
1041.00	1.21375E-22
1041.20	1.19694E-22
1041.40	1.18027E-22
1041.60	1.16388E-22
1041.80	1.14791E-22
1042.00	1.13250E-22
1042.20	1.11774E-22
1042.40	1.10351E-22
1042.60	1.08954E-22
1042.80	1.07563E-22
1043.00	1.06173E-22
1043.20	1.04794E-22
1043.40	1.03437E-22
1043.60	1.02097E-22
1043.80	1.00775E-22
1044.00	9.94752E-23
1044.20	9.82042E-23
1044.40	9.69578E-23
1044.60	9.57197E-23
1044.80	9.44764E-23
1045.00	9.32288E-23
1045.20	9.19877E-23
1045.40	9.07606E-23
1045.60	8.95477E-23
1045.80	8.83519E-23
1046.00	8.71863E-23
1046.20	8.60649E-23
1046.40	8.49863E-23
1046.60	8.39307E-23
1046.80	8.28763E-23
1047.00	8.18153E-23
1047.20	8.07531E-23
1047.40	7.96946E-23
1047.60	7.86381E-23
1047.80	7.75840E-23
1048.00	7.65443E-23
1048.20	7.55354E-23
1048.40	7.45622E-23
1048.60	7.36134E-23
1048.80	7.26744E-23
1049.00	7.17417E-23
1049.20	7.08219E-23
1049.40	6.99175E-23
1049.60	6.90216E-23
1049.80	6.81289E-23
1050.00	6.72473E-23
1050.20	6.63918E-23
1050.40	6.55682E-23
1050.60	6.47656E-23
1050.80	6.39699E-23
1051.00	6.31800E-23
1051.20	6.24059E-23
1051.40	6.16524E-23
1051.60	6.09100E-23
1051.80	6.01648E-23
1052.00	5.94150E-23
1052.20	5.86700E-23
1052.40	5.79356E-23
1052.60	5.72051E-23
1052.80	5.64700E-23
1053.00	5.57349E-23
1053.20	5.50142E-23
1053.40	5.43142E-23
1053.60	5.36231E-23
1053.80	5.29248E-23
1054.00	5.22194E-23
1054.20	5.15231E-23
1054.40	5.08485E-23
1054.60	5.01894E-23
1054.80	4.95314E-23
1055.00	4.88728E-23
1055.20	4.82277E-23
1055.40	4.76072E-23
1055.60	4.70046E-23
1055.80	4.64069E-23
1056.00	4.58160E-23
1056.20	4.52491E-23
1056.40	4.47135E-23
1056.60	4.41879E-23
1056.80	4.36398E-23
1057.00	4.30612E-23
1057.20	4.24775E-23
1057.40	4.19164E-23
1057.60	4.13734E-23
1057.80	4.08215E-23
1058.00	4.02536E-23
1058.20	3.97019E-23
1058.40	3.92010E-23
1058.60	3.87322E-23
1058.80	3.82231E-23
1059.00	3.76170E-23
1059.20	3.69426E-23
1059.40	3.63042E-23
1059.60	3.57919E-23
1059.80	3.54011E-23
1060.00	3.50422E-23
1060.20	3.46271E-23
1060.40	3.41427E-23
1060.60	3.36411E-23
1060.80	3.31719E-23
1061.00	3.27344E-23
1061.20	3.22938E-23
1061.40	3.18305E-23
1061.60	3.13607E-23
1061.80	3.09112E-23
1062.00	3.04865E-23
1062.20	3.00687E-23
1062.40	2.96446E-23
1062.60	2.92229E-23
1062.80	2.88210E-23
1063.00	2.84395E-23
1063.20	2.80582E-23
1063.40	2.76569E-23
1063.60	2.72377E-23
1063.80	2.68207E-23
1064.00	2.64234E-23
1064.20	2.60453E-23
1064.40	2.56746E-23
1064.60	2.53053E-23
1064.80	2.49433E-23
1065.00	2.45986E-23
1065.20	2.42726E-23
1065.40	2.39573E-23
1065.60	2.36423E-23
1065.80	2.33222E-23
1066.00	2.29972E-23
1066.20	2.26701E-23
1066.40	2.23441E-23
1066.60	2.20221E-23
1066.80	2.17051E-23
1067.00	2.13898E-23
1067.20	2.10693E-23
1067.40	2.07391E-23
1067.60	2.04031E-23
1067.80	2.00735E-23
1068.00	1.97632E-23
1068.20	1.94761E-23
1068.40	1.92052E-23
1068.60	1.89386E-23
1068.80	1.86671E-23
1069.00	1.83889E-23
1069.20	1.81074E-23
1069.40	1.78275E-23
1069.60	1.75530E-23
1069.80	1.72867E-23
1070.00	1.70292E-23
1070.20	1.67786E-23
1070.40	1.65297E-23
1070.60	1.62776E-23
1070.80	1.60221E-23
1071.00	1.57686E-23
1071.20	1.55251E-23
1071.40	1.52957E-23
1071.60	1.50767E-23
1071.80	1.48596E-23
1072.00	1.46381E-23
1072.20	1.44122E-23
1072.40	1.41867E-23
1072.60	1.39656E-23
1072.80	1.37478E-23
1073.00	1.35298E-23
1073.20	1.33098E-23
1073.40	1.30909E-23
1073.60	1.28788E-23
1073.80	1.26770E-23
1074.00	1.24843E-23
1074.20	1.22960E-23
1074.40	1.21069E-23
1074.60	1.19143E-23
1074.80	1.17182E-23
1075.00	1.15213E-23
1075.20	1.13277E-23
1075.40	1.11410E-23
1075.60	1.09626E-23
1075.80	1.07915E-23
1076.00	1.06256E-23
1076.20	1.04642E-23
1076.40	1.03072E-23
1076.60	1.01537E-23
1076.80	1.00002E-23
1077.00	9.84278E-24
1077.20	9.67958E-24
1077.40	9.51292E-24
1077.60	9.34719E-24
1077.80	9.18567E-24
1078.00	9.02904E-24
1078.20	8.87665E-24
1078.40	8.72821E-24
1078.60	8.58374E-24
1078.80	8.44251E-24
1079.00	8.30288E-24
1079.20	8.16400E-24
1079.40	8.02713E-24
1079.60	7.89482E-24
1079.80	7.76848E-24
1080.00	7.64702E-24
1080.20	7.52779E-24
1080.40	7.40860E-24
1080.60	7.28863E-24
1080.80	7.16789E-24
1081.00	7.04669E-24
1081.20	6.92608E-24
1081.40	6.80827E-24
1081.60	6.69575E-24
1081.80	6.58941E-24
1082.00	6.48762E-24
1082.20	6.38746E-24
1082.40	6.28680E-24
1082.60	6.18505E-24
1082.80	6.08249E-24
1083.00	5.97940E-24
1083.20	5.87650E-24
1083.40	5.77570E-24
1083.60	5.67950E-24
1083.80	5.58891E-24
1084.00	5.50198E-24
1084.20	5.41481E-24
1084.40	5.32455E-24
1084.60	5.23144E-24
1084.80	5.13803E-24
1085.00	5.04656E-24
1085.20	4.95701E-24
1085.40	4.86769E-24
1085.60	4.77752E-24
1085.80	4.68762E-24
1086.00	4.60086E-24
1086.20	4.51977E-24
1086.40	4.44461E-24
1086.60	4.37324E-24
1086.80	4.30284E-24
1087.00	4.23198E-24
1087.20	4.16141E-24
1087.40	4.09281E-24
1087.60	4.02667E-24
1087.80	3.96147E-24
1088.00	3.89492E-24
1088.20	3.82614E-24
1088.40	3.75637E-24
1088.60	3.68769E-24
1088.80	3.62133E-24
1089.00	3.55731E-24
1089.20	3.49559E-24
1089.40	3.43681E-24
1089.60	3.38142E-24
1089.80	3.32819E-24
1090.00	3.27441E-24
1090.20	3.21793E-24
1090.40	3.15920E-24
1090.60	3.10076E-24
1090.80	3.04481E-24
1091.00	2.99134E-24
1091.20	2.93891E-24
1091.40	2.88669E-24
1091.60	2.83545E-24
1091.80	2.78635E-24
1092.00	2.73948E-24
1092.20	2.69376E-24
1092.40	2.64824E-24
1092.60	2.60287E-24
1092.80	2.55776E-24
1093.00	2.51236E-24
1093.20	2.46592E-24
1093.40	2.41893E-24
1093.60	2.37351E-24
1093.80	2.33185E-24
1094.00	2.29412E-24
1094.20	2.25835E-24
1094.40	2.22228E-24
1094.60	2.18533E-24
1094.80	2.14842E-24
1095.00	2.11241E-24
1095.20	2.07707E-24
1095.40	2.04165E-24
1095.60	2.00608E-24
1095.80	1.97103E-24
1096.00	1.93682E-24
1096.20	1.90289E-24
1096.40	1.86853E-24
1096.60	1.83406E-24
1096.80	1.80079E-24
1097.00	1.76970E-24
1097.20	1.74040E-24
1097.40	1.71162E-24
1097.60	1.68250E-24
1097.80	1.65326E-24
1098.00	1.62448E-24
1098.20	1.59617E-24
1098.40	1.56776E-24
1098.60	1.53899E-24
1098.80	1.51046E-24
1099.00	1.48300E-24
1099.20	1.45681E-24
1099.40	1.43125E-24
1099.60	1.40566E-24
1099.80	1.38007E-24
1100.00	1.35516E-24
1100.20	1.33150E-24
1100.40	1.30900E-24
1100.60	1.28710E-24
1100.80	1.26524E-24
1101.00	1.24316E-24
1101.20	1.22094E-24
1101.40	1.19897E-24
1101.60	1.17777E-24
1101.80	1.15768E-24
1102.00	1.13842E-24
1102.20	1.11917E-24
1102.40	1.09924E-24
1102.60	1.07869E-24
1102.80	1.05841E-24
1103.00	1.03925E-24
1103.20	1.02140E-24
1103.40	1.00435E-24
1103.60	9.87558E-25
1103.80	9.70926E-25
1104.00	9.54575E-25
1104.20	9.38463E-25
1104.40	9.22345E-25
1104.60	9.06124E-25
1104.80	8.90048E-25
1105.00	8.74422E-25
1105.20	8.59219E-25
1105.40	8.44115E-25
1105.60	8.28945E-25
1105.80	8.13972E-25
1106.00	7.99614E-25
1106.20	7.85960E-25
1106.40	7.72664E-25
1106.60	7.59337E-25
1106.80	7.45914E-25
1107.00	7.32577E-25
1107.20	7.19426E-25
1107.40	7.06381E-25
1107.60	6.93443E-25
1107.80	6.80904E-25
1108.00	6.69167E-25
1108.20	6.58344E-25
1108.40	6.48116E-25
1108.60	6.38007E-25
1108.80	6.27746E-25
1109.00	6.17328E-25
1109.20	6.06839E-25
1109.40	5.96361E-25
1109.60	5.86041E-25
1109.80	5.76117E-25
1110.00	5.66699E-25
1110.20	5.57567E-25
1110.40	5.48286E-25
1110.60	5.38620E-25
1110.80	5.28785E-25
1111.00	5.19231E-25
1111.20	5.10186E-25
1111.40	5.01484E-25
1111.60	4.92818E-25
1111.80	4.84087E-25
1112.00	4.75423E-25
1112.20	4.66951E-25
1112.40	4.58670E-25
1112.60	4.50587E-25
1112.80	4.42860E-25
1113.00	4.35666E-25
1113.20	4.28920E-25
1113.40	4.22261E-25
1113.60	4.15389E-25
1113.80	4.08392E-25
1114.00	4.01626E-25
1114.20	3.95258E-25
1114.40	3.89014E-25
1114.60	3.82457E-25
1114.80	3.75520E-25
1115.00	3.68664E-25
1115.20	3.62484E-25
1115.40	3.57141E-25
1115.60	3.52208E-25
1115.80	3.47032E-25
1116.00	3.41254E-25
1116.20	3.35000E-25
1116.40	3.28687E-25
1116.60	3.22668E-25
1116.80	3.17019E-25
1117.00	3.11568E-25
1117.20	3.06111E-25
1117.40	3.00634E-25
1117.60	2.95400E-25
1117.80	2.90763E-25
1118.00	2.86824E-25
1118.20	2.83221E-25
1118.40	2.79304E-25
1118.60	2.74632E-25
1118.80	2.69353E-25
1119.00	2.64090E-25
1119.20	2.59419E-25
1119.40	2.55399E-25
1119.60	2.51609E-25
1119.80	2.47626E-25
1120.00	2.43458E-25
1120.20	2.39512E-25
1120.40	2.36139E-25
1120.60	2.33211E-25
1120.80	2.30143E-25
1121.00	2.26343E-25
1121.20	2.21674E-25
1121.40	2.16534E-25
1121.60	2.11532E-25
1121.80	2.07086E-25
1122.00	2.03306E-25
1122.20	2.00153E-25
1122.40	1.97608E-25
1122.60	1.95588E-25
1122.80	1.93743E-25
1123.00	1.91485E-25
1123.20	1.88377E-25
1123.40	1.84577E-25
1123.60	1.80836E-25
1123.80	1.77927E-25
1124.00	1.75995E-25
1124.20	1.74432E-25
1124.40	1.72391E-25
1124.60	1.69442E-25
1124.80	1.65782E-25
1125.00	1.61927E-25
1125.20	1.58304E-25
1125.40	1.55114E-25
1125.60	1.52444E-25
1125.80	1.50353E-25
1126.00	1.48789E-25
1126.20	1.47537E-25
1126.40	1.46308E-25
1126.60	1.44914E-25
1126.80	1.43296E-25
1127.00	1.41413E-25
1127.20	1.39194E-25
1127.40	1.36655E-25
1127.60	1.34001E-25
1127.80	1.31527E-25
1128.00	1.29360E-25
1128.20	1.27362E-25
1128.40	1.25334E-25
1128.60	1.23265E-25
1128.80	1.21310E-25
1129.00	1.19536E-25
1129.20	1.17783E-25
1129.40	1.15860E-25
1129.60	1.13845E-25
1129.80	1.12050E-25
1130.00	1.10676E-25
1130.20	1.09538E-25
1130.40	1.08242E-25
1130.60	1.06595E-25
1130.80	1.04773E-25
1131.00	1.03056E-25
1131.20	1.01493E-25
1131.40	9.99016E-26
1131.60	9.81701E-26
1131.80	9.64308E-26
1132.00	9.48878E-26
1132.20	9.35378E-26
1132.40	9.21615E-26
1132.60	9.05866E-26
1132.80	8.88717E-26
1133.00	8.71900E-26
1133.20	8.56031E-26
1133.40	8.40361E-26
1133.60	8.24531E-26
1133.80	8.09436E-26
1134.00	7.95845E-26
1134.20	7.82906E-26
1134.40	7.69117E-26
1134.60	7.54728E-26
1134.80	7.42060E-26
1135.00	7.32743E-26
1135.20	7.25213E-26
1135.40	7.16046E-26
1135.60	7.03973E-26
1135.80	6.91745E-26
1136.00	6.83398E-26
1136.20	6.79959E-26
1136.40	6.78450E-26
1136.60	6.74907E-26
1136.80	6.67594E-26
1137.00	6.57200E-26
1137.20	6.45011E-26
1137.40	6.32032E-26
1137.60	6.19549E-26
1137.80	6.09024E-26
1138.00	6.00543E-26
1138.20	5.92117E-26
1138.40	5.81786E-26
1138.60	5.70441E-26
1138.80	5.61347E-26
1139.00	5.56115E-26
1139.20	5.51963E-26
1139.40	5.44301E-26
1139.60	5.32145E-26
1139.80	5.19708E-26
1140.00	5.11778E-26
1140.20	5.08211E-26
1140.40	5.04226E-26
1140.60	4.96157E-26
1140.80	4.85559E-26
1141.00	4.76837E-26
1141.20	4.71715E-26
1141.40	4.67566E-26
1141.60	4.61242E-26
1141.80	4.52989E-26
1142.00	4.45497E-26
1142.20	4.39950E-26
1142.40	4.34736E-26
1142.60	4.28249E-26
1142.80	4.21362E-26
1143.00	4.15827E-26
1143.20	4.11080E-26
1143.40	4.04483E-26
1143.60	3.95115E-26
1143.80	3.85682E-26
1144.00	3.79298E-26
1144.20	3.75200E-26
1144.40	3.69615E-26
1144.60	3.61185E-26
1144.80	3.53594E-26
1145.00	3.51123E-26
1145.20	3.52491E-26
1145.40	3.51506E-26
1145.60	3.44487E-26
1145.80	3.35049E-26
1146.00	3.29591E-26
1146.20	3.28971E-26
1146.40	3.27406E-26
1146.60	3.20405E-26
1146.80	3.11215E-26
1147.00	3.06681E-26
1147.20	3.07617E-26
1147.40	3.06978E-26
1147.60	2.99289E-26
1147.80	2.88987E-26
1148.00	2.85314E-26
1148.20	2.89078E-26
1148.40	2.89359E-26
1148.60	2.77184E-26
1148.80	2.60112E-26
1149.00	2.56570E-26
1149.20	2.71942E-26
1149.40	2.83634E-26
1149.60	2.56957E-26
1149.80	2.56957E-26