800.40	3.37189E-29
800.60	5.33548E-29
800.80	6.79853E-29
801.00	7.81043E-29
801.20	8.42437E-29
801.40	8.69747E-29
801.60	8.69092E-29
801.80	8.47019E-29
802.00	8.10513E-29
802.20	7.32737E-29
802.40	7.57038E-29
802.60	7.85638E-29
802.80	7.75859E-29
803.00	8.40045E-29
803.20	8.59522E-29
803.40	9.36025E-29
803.60	8.91221E-29
803.80	9.34522E-29
804.00	9.33138E-29
804.20	9.97897E-29
804.40	9.71470E-29
804.60	1.00151E-28
804.80	1.04375E-28
805.00	1.00853E-28
805.20	1.04612E-28
805.40	1.03851E-28
805.60	1.05455E-28
805.80	1.05748E-28
806.00	1.08674E-28
806.20	1.04010E-28
806.40	1.17388E-28
806.60	1.22398E-28
806.80	1.19059E-28
807.00	1.22794E-28
807.20	1.15292E-28
807.40	1.23569E-28
807.60	1.15478E-28
807.80	1.23770E-28
808.00	1.24788E-28
808.20	1.28255E-28
808.40	1.25300E-28
808.60	1.30798E-28
808.80	1.36791E-28
809.00	1.22505E-28
809.20	1.31754E-28
809.40	1.22687E-28
809.60	1.29079E-28
809.80	1.31797E-28
810.00	1.38730E-28
810.20	1.26292E-28
810.40	1.44324E-28
810.60	1.42689E-28
810.80	1.35723E-28
811.00	1.38930E-28
811.20	1.48841E-28
811.40	1.60659E-28
811.60	1.58161E-28
811.80	1.75595E-28
812.00	1.78974E-28
812.20	1.86993E-28
812.40	1.78110E-28
812.60	1.88753E-28
812.80	1.91874E-28
813.00	1.98887E-28
813.20	2.08115E-28
813.40	1.97344E-28
813.60	2.12802E-28
813.80	2.19010E-28
814.00	2.04152E-28
814.20	1.76408E-28
814.40	2.01827E-28
814.60	2.04455E-28
814.80	2.03736E-28
815.00	2.02226E-28
815.20	2.18997E-28
815.40	2.14723E-28
815.60	1.92550E-28
815.80	2.22511E-28
816.00	2.30348E-28
816.20	2.44580E-28
816.40	2.41932E-28
816.60	2.56703E-28
816.80	2.60612E-28
817.00	2.58587E-28
817.20	2.50205E-28
817.40	2.59968E-28
817.60	2.71093E-28
817.80	2.77218E-28
818.00	2.90341E-28
818.20	2.81581E-28
818.40	2.89100E-28
818.60	2.82725E-28
818.80	2.89835E-28
819.00	3.02022E-28
819.20	2.97048E-28
819.40	2.88538E-28
819.60	2.87870E-28
819.80	3.05812E-28
820.00	2.95526E-28
820.20	3.28728E-28
820.40	3.12486E-28
820.60	3.22176E-28
820.80	3.28538E-28
821.00	3.31137E-28
821.20	3.53409E-28
821.40	3.54180E-28
821.60	3.70567E-28
821.80	3.97599E-28
822.00	3.92097E-28
822.20	3.81538E-28
822.40	4.33744E-28
822.60	4.29269E-28
822.80	4.43359E-28
823.00	4.47332E-28
823.20	4.81197E-28
823.40	4.90539E-28
823.60	4.82598E-28
823.80	4.83987E-28
824.00	4.96071E-28
824.20	4.92259E-28
824.40	4.79499E-28
824.60	5.40161E-28
824.80	5.45879E-28
825.00	5.61334E-28
825.20	5.88146E-28
825.40	6.25444E-28
825.60	6.64597E-28
825.80	6.96108E-28
826.00	7.17801E-28
826.20	7.58065E-28
826.40	7.61018E-28
826.60	7.60524E-28
826.80	8.30078E-28
827.00	8.54526E-28
827.20	8.81494E-28
827.40	8.87111E-28
827.60	8.65138E-28
827.80	8.60864E-28
828.00	8.49313E-28
828.20	8.53615E-28
828.40	8.72297E-28
828.60	8.79761E-28
828.80	8.61747E-28
829.00	8.66556E-28
829.20	8.55757E-28
829.40	8.53499E-28
829.60	8.86617E-28
829.80	9.10413E-28
830.00	9.60905E-28
830.20	1.03509E-27
830.40	1.11225E-27
830.60	1.18642E-27
830.80	1.24265E-27
831.00	1.30188E-27
831.20	1.40620E-27
831.40	1.46036E-27
831.60	1.50943E-27
831.80	1.56983E-27
832.00	1.61339E-27
832.20	1.62056E-27
832.40	1.64329E-27
832.60	1.68895E-27
832.80	1.75145E-27
833.00	1.87120E-27
833.20	2.01027E-27
833.40	2.14339E-27
833.60	2.25030E-27
833.80	2.34310E-27
834.00	2.45802E-27
834.20	2.53977E-27
834.40	2.61840E-27
834.60	2.66618E-27
834.80	2.71636E-27
835.00	2.71942E-27
835.20	2.70292E-27
835.40	2.65797E-27
835.60	2.59078E-27
835.80	2.58043E-27
836.00	2.63225E-27
836.20	2.78021E-27
836.40	2.98973E-27
836.60	3.18137E-27
836.80	3.35814E-27
837.00	3.50596E-27
837.20	3.63523E-27
837.40	3.76660E-27
837.60	3.89488E-27
837.80	4.03832E-27
838.00	4.16503E-27
838.20	4.29316E-27
838.40	4.36378E-27
838.60	4.42999E-27
838.80	4.47723E-27
839.00	4.56945E-27
839.20	4.71272E-27
839.40	4.87194E-27
839.60	5.01685E-27
839.80	5.14744E-27
840.00	5.23065E-27
840.20	5.31934E-27
840.40	5.43808E-27
840.60	5.57433E-27
840.80	5.74876E-27
841.00	5.93232E-27
841.20	6.14757E-27
841.40	6.38558E-27
841.60	6.61595E-27
841.80	6.86228E-27
842.00	7.24609E-27
842.20	7.57602E-27
842.40	7.93267E-27
842.60	8.16914E-27
842.80	8.38396E-27
843.00	8.52624E-27
843.20	8.64787E-27
843.40	8.78310E-27
843.60	8.96970E-27
843.80	9.19510E-27
844.00	9.38554E-27
844.20	9.61678E-27
844.40	9.81146E-27
844.60	1.00092E-26
844.80	1.02740E-26
845.00	1.04958E-26
845.20	1.08710E-26
845.40	1.12750E-26
845.60	1.16237E-26
845.80	1.19497E-26
846.00	1.21690E-26
846.20	1.24299E-26
846.40	1.27322E-26
846.60	1.30473E-26
846.80	1.33940E-26
847.00	1.38281E-26
847.20	1.42940E-26
847.40	1.47706E-26
847.60	1.52711E-26
847.80	1.58577E-26
848.00	1.64859E-26
848.20	1.71349E-26
848.40	1.78016E-26
848.60	1.85511E-26
848.80	1.90595E-26
849.00	1.94336E-26
849.20	1.97058E-26
849.40	1.99240E-26
849.60	2.00525E-26
849.80	2.03185E-26
850.00	2.07685E-26
850.20	2.13573E-26
850.40	2.20375E-26
850.60	2.28326E-26
850.80	2.37543E-26
851.00	2.47058E-26
851.20	2.56032E-26
851.40	2.65473E-26
851.60	2.74540E-26
851.80	2.82767E-26
852.00	2.89098E-26
852.20	2.94909E-26
852.40	2.99661E-26
852.60	3.04487E-26
852.80	3.10159E-26
853.00	3.16550E-26
853.20	3.24830E-26
853.40	3.34235E-26
853.60	3.44989E-26
853.80	3.54876E-26
854.00	3.64993E-26
854.20	3.74608E-26
854.40	3.85353E-26
854.60	3.95480E-26
854.80	4.05486E-26
855.00	4.16730E-26
855.20	4.27050E-26
855.40	4.38452E-26
855.60	4.51179E-26
855.80	4.65864E-26
856.00	4.81582E-26
856.20	4.97567E-26
856.40	5.14112E-26
856.60	5.31454E-26
856.80	5.47298E-26
857.00	5.64204E-26
857.20	5.80336E-26
857.40	5.96976E-26
857.60	6.14961E-26
857.80	6.33287E-26
858.00	6.53362E-26
858.20	6.70638E-26
858.40	6.87436E-26
858.60	7.02102E-26
858.80	7.18312E-26
859.00	7.32833E-26
859.20	7.48495E-26
859.40	7.62834E-26
859.60	7.77939E-26
859.80	7.94836E-26
860.00	8.11901E-26
860.20	8.32229E-26
860.40	8.57051E-26
860.60	8.84595E-26
860.80	9.14105E-26
861.00	9.49260E-26
861.20	9.84147E-26
861.40	1.01982E-25
861.60	1.05272E-25
861.80	1.08273E-25
862.00	1.11126E-25
862.20	1.13952E-25
862.40	1.16758E-25
862.60	1.19505E-25
862.80	1.22026E-25
863.00	1.24585E-25
863.20	1.27307E-25
863.40	1.30195E-25
863.60	1.33625E-25
863.80	1.37638E-25
864.00	1.41892E-25
864.20	1.46252E-25
864.40	1.50953E-25
864.60	1.55683E-25
864.80	1.60208E-25
865.00	1.64942E-25
865.20	1.69822E-25
865.40	1.74982E-25
865.60	1.80009E-25
865.80	1.84801E-25
866.00	1.89761E-25
866.20	1.94339E-25
866.40	1.99078E-25
866.60	2.04166E-25
866.80	2.09973E-25
867.00	2.15797E-25
867.20	2.21877E-25
867.40	2.27973E-25
867.60	2.34262E-25
867.80	2.40537E-25
868.00	2.47043E-25
868.20	2.53818E-25
868.40	2.61024E-25
868.60	2.68295E-25
868.80	2.75416E-25
869.00	2.82466E-25
869.20	2.89582E-25
869.40	2.97416E-25
869.60	3.05661E-25
869.80	3.15144E-25
870.00	3.24783E-25
870.20	3.34621E-25
870.40	3.44417E-25
870.60	3.54396E-25
870.80	3.64310E-25
871.00	3.73964E-25
871.20	3.83957E-25
871.40	3.94343E-25
871.60	4.05063E-25
871.80	4.15767E-25
872.00	4.26564E-25
872.20	4.37714E-25
872.40	4.49070E-25
872.60	4.61435E-25
872.80	4.74578E-25
873.00	4.88451E-25
873.20	5.03030E-25
873.40	5.17618E-25
873.60	5.32375E-25
873.80	5.47173E-25
874.00	5.62089E-25
874.20	5.76979E-25
874.40	5.92269E-25
874.60	6.08614E-25
874.80	6.25839E-25
875.00	6.43857E-25
875.20	6.62036E-25
875.40	6.80567E-25
875.60	7.00480E-25
875.80	7.20293E-25
876.00	7.40890E-25
876.20	7.61892E-25
876.40	7.84345E-25
876.60	8.07691E-25
876.80	8.31556E-25
877.00	8.56475E-25
877.20	8.81324E-25
877.40	9.06015E-25
877.60	9.31438E-25
877.80	9.58130E-25
878.00	9.85851E-25
878.20	1.01366E-24
878.40	1.04284E-24
878.60	1.07164E-24
878.80	1.10129E-24
879.00	1.13238E-24
879.20	1.16453E-24
879.40	1.19797E-24
879.60	1.23212E-24
879.80	1.26704E-24
880.00	1.30248E-24
880.20	1.33967E-24
880.40	1.37798E-24
880.60	1.41774E-24
880.80	1.45846E-24
881.00	1.50063E-24
881.20	1.54350E-24
881.40	1.58785E-24
881.60	1.63327E-24
881.80	1.68063E-24
882.00	1.72846E-24
882.20	1.77844E-24
882.40	1.82936E-24
882.60	1.88226E-24
882.80	1.93669E-24
883.00	1.99160E-24
883.20	2.04783E-24
883.40	2.10702E-24
883.60	2.16996E-24
883.80	2.23514E-24
884.00	2.30207E-24
884.20	2.36986E-24
884.40	2.43734E-24
884.60	2.50590E-24
884.80	2.57610E-24
885.00	2.64941E-24
885.20	2.72375E-24
885.40	2.79931E-24
885.60	2.87707E-24
885.80	2.95819E-24
886.00	3.04194E-24
886.20	3.12853E-24
886.40	3.21759E-24
886.60	3.30885E-24
886.80	3.40230E-24
887.00	3.49936E-24
887.20	3.59962E-24
887.40	3.70131E-24
887.60	3.80308E-24
887.80	3.90609E-24
888.00	4.01322E-24
888.20	4.12280E-24
888.40	4.23587E-24
888.60	4.35114E-24
888.80	4.47102E-24
889.00	4.59436E-24
889.20	4.72149E-24
889.40	4.85368E-24
889.60	4.98862E-24
889.80	5.12731E-24
890.00	5.26988E-24
890.20	5.41742E-24
890.40	5.56904E-24
890.60	5.72219E-24
890.80	5.87896E-24
891.00	6.03669E-24
891.20	6.19823E-24
891.40	6.36191E-24
891.60	6.53077E-24
891.80	6.70076E-24
892.00	6.87174E-24
892.20	7.04772E-24
892.40	7.22979E-24
892.60	7.41674E-24
892.80	7.60949E-24
893.00	7.80670E-24
893.20	8.01033E-24
893.40	8.21963E-24
893.60	8.43338E-24
893.80	8.65285E-24
894.00	8.87528E-24
894.20	9.10380E-24
894.40	9.33487E-24
894.60	9.57276E-24
894.80	9.81788E-24
895.00	1.00700E-23
895.20	1.03278E-23
895.40	1.05905E-23
895.60	1.08614E-23
895.80	1.11402E-23
896.00	1.14256E-23
896.20	1.17171E-23
896.40	1.20145E-23
896.60	1.23200E-23
896.80	1.26353E-23
897.00	1.29573E-23
897.20	1.32852E-23
897.40	1.36189E-23
897.60	1.39596E-23
897.80	1.43076E-23
898.00	1.46640E-23
898.20	1.50318E-23
898.40	1.54060E-23
898.60	1.57923E-23
898.80	1.61847E-23
899.00	1.65855E-23
899.20	1.69972E-23
899.40	1.74157E-23
899.60	1.78508E-23
899.80	1.82963E-23
900.00	1.87524E-23
900.20	1.92192E-23
900.40	1.96961E-23
900.60	2.01822E-23
900.80	2.06765E-23
901.00	2.11814E-23
901.20	2.16970E-23
901.40	2.22170E-23
901.60	2.27533E-23
901.80	2.33048E-23
902.00	2.38688E-23
902.20	2.44432E-23
902.40	2.50256E-23
902.60	2.56235E-23
902.80	2.62304E-23
903.00	2.68600E-23
903.20	2.75025E-23
903.40	2.81528E-23
903.60	2.88183E-23
903.80	2.94947E-23
904.00	3.01869E-23
904.20	3.08876E-23
904.40	3.15990E-23
904.60	3.23262E-23
904.80	3.30652E-23
905.00	3.38256E-23
905.20	3.45997E-23
905.40	3.53907E-23
905.60	3.61959E-23
905.80	3.70079E-23
906.00	3.78347E-23
906.20	3.86778E-23
906.40	3.95361E-23
906.60	4.04079E-23
906.80	4.12947E-23
907.00	4.21988E-23
907.20	4.31184E-23
907.40	4.40538E-23
907.60	4.50003E-23
907.80	4.59633E-23
908.00	4.69510E-23
908.20	4.79475E-23
908.40	4.89672E-23
908.60	5.00081E-23
908.80	5.10736E-23
909.00	5.21518E-23
909.20	5.32450E-23
909.40	5.43574E-23
909.60	5.54873E-23
909.80	5.66288E-23
910.00	5.77822E-23
910.20	5.89598E-23
910.40	6.01468E-23
910.60	6.13539E-23
910.80	6.25778E-23
911.00	6.38144E-23
911.20	6.50709E-23
911.40	6.63422E-23
911.60	6.76237E-23
911.80	6.89296E-23
912.00	7.02524E-23
912.20	7.16002E-23
912.40	7.29765E-23
912.60	7.43727E-23
912.80	7.57869E-23
913.00	7.72290E-23
913.20	7.86839E-23
913.40	8.01442E-23
913.60	8.16316E-23
913.80	8.31372E-23
914.00	8.46504E-23
914.20	8.61878E-23
914.40	8.77312E-23
914.60	8.92861E-23
914.80	9.08473E-23
915.00	9.24357E-23
915.20	9.40466E-23
915.40	9.56758E-23
915.60	9.73335E-23
915.80	9.90158E-23
916.00	1.00708E-22
916.20	1.02410E-22
916.40	1.04157E-22
916.60	1.05893E-22
916.80	1.07647E-22
917.00	1.09419E-22
917.20	1.11220E-22
917.40	1.13038E-22
917.60	1.14892E-22
917.80	1.16746E-22
918.00	1.18618E-22
918.20	1.20506E-22
918.40	1.22427E-22
918.60	1.24379E-22
918.80	1.26355E-22
919.00	1.28319E-22
919.20	1.30308E-22
919.40	1.32309E-22
919.60	1.34316E-22
919.80	1.36342E-22
920.00	1.38364E-22
920.20	1.40421E-22
920.40	1.42500E-22
920.60	1.44602E-22
920.80	1.46734E-22
921.00	1.48874E-22
921.20	1.51003E-22
921.40	1.53165E-22
921.60	1.55355E-22
921.80	1.57566E-22
922.00	1.59788E-22
922.20	1.62032E-22
922.40	1.64271E-22
922.60	1.66542E-22
922.80	1.68834E-22
923.00	1.71164E-22
923.20	1.73495E-22
923.40	1.75837E-22
923.60	1.78213E-22
923.80	1.80635E-22
924.00	1.83047E-22
924.20	1.85498E-22
924.40	1.87968E-22
924.60	1.90450E-22
924.80	1.92964E-22
925.00	1.95483E-22
925.20	1.98037E-22
925.40	2.00600E-22
925.60	2.03205E-22
925.80	2.05851E-22
926.00	2.08507E-22
926.20	2.11205E-22
926.40	2.13921E-22
926.60	2.16624E-22
926.80	2.19346E-22
927.00	2.22120E-22
927.20	2.24927E-22
927.40	2.27756E-22
927.60	2.30590E-22
927.80	2.33437E-22
928.00	2.36306E-22
928.20	2.39224E-22
928.40	2.42171E-22
928.60	2.45167E-22
928.80	2.48197E-22
929.00	2.51274E-22
929.20	2.54406E-22
929.40	2.57571E-22
929.60	2.60797E-22
929.80	2.64026E-22
930.00	2.67244E-22
930.20	2.70505E-22
930.40	2.73817E-22
930.60	2.77130E-22
930.80	2.80475E-22
931.00	2.83875E-22
931.20	2.87337E-22
931.40	2.90833E-22
931.60	2.94395E-22
931.80	2.97994E-22
932.00	3.01621E-22
932.20	3.05321E-22
932.40	3.09060E-22
932.60	3.12882E-22
932.80	3.16752E-22
933.00	3.20690E-22
933.20	3.24633E-22
933.40	3.28587E-22
933.60	3.32601E-22
933.80	3.36661E-22
934.00	3.40768E-22
934.20	3.44918E-22
934.40	3.49140E-22
934.60	3.53392E-22
934.80	3.57691E-22
935.00	3.62050E-22
935.20	3.66415E-22
935.40	3.70847E-22
935.60	3.75315E-22
935.80	3.79775E-22
936.00	3.84307E-22
936.20	3.88921E-22
936.40	3.93591E-22
936.60	3.98309E-22
936.80	4.03046E-22
937.00	4.07868E-22
937.20	4.12745E-22
937.40	4.17673E-22
937.60	4.22584E-22
937.80	4.27611E-22
938.00	4.32635E-22
938.20	4.37734E-22
938.40	4.42840E-22
938.60	4.47983E-22
938.80	4.53198E-22
939.00	4.58392E-22
939.20	4.63602E-22
939.40	4.68891E-22
939.60	4.74259E-22
939.80	4.79682E-22
940.00	4.85172E-22
940.20	4.90661E-22
940.40	4.96304E-22
940.60	5.02008E-22
940.80	5.07738E-22
941.00	5.13481E-22
941.20	5.19312E-22
941.40	5.25130E-22
941.60	5.30961E-22
941.80	5.36802E-22
942.00	5.42719E-22
942.20	5.48668E-22
942.40	5.54624E-22
942.60	5.60617E-22
942.80	5.66675E-22
943.00	5.72745E-22
943.20	5.78873E-22
943.40	5.85061E-22
943.60	5.91277E-22
943.80	5.97606E-22
944.00	6.03958E-22
944.20	6.10336E-22
944.40	6.16748E-22
944.60	6.23151E-22
944.80	6.29589E-22
945.00	6.36035E-22
945.20	6.42620E-22
945.40	6.49229E-22
945.60	6.55899E-22
945.80	6.62571E-22
946.00	6.69252E-22
946.20	6.76001E-22
946.40	6.82788E-22
946.60	6.89631E-22
946.80	6.96489E-22
947.00	7.03362E-22
947.20	7.10230E-22
947.40	7.17044E-22
947.60	7.23832E-22
947.80	7.30677E-22
948.00	7.37535E-22
948.20	7.44395E-22
948.40	7.51350E-22
948.60	7.58370E-22
948.80	7.65390E-22
949.00	7.72398E-22
949.20	7.79518E-22
949.40	7.86678E-22
949.60	7.93926E-22
949.80	8.01165E-22
950.00	8.08455E-22
950.20	8.15851E-22
950.40	8.23248E-22
950.60	8.30657E-22
950.80	8.38184E-22
951.00	8.45790E-22
951.20	8.53481E-22
951.40	8.61062E-22
951.60	8.68669E-22
951.80	8.76251E-22
952.00	8.83850E-22
952.20	8.91454E-22
952.40	8.99019E-22
952.60	9.06679E-22
952.80	9.14310E-22
953.00	9.22051E-22
953.20	9.29738E-22
953.40	9.37485E-22
953.60	9.45410E-22
953.80	9.53399E-22
954.00	9.61542E-22
954.20	9.69852E-22
954.40	9.78266E-22
954.60	9.86751E-22
954.80	9.95246E-22
955.00	1.00394E-21
955.20	1.01260E-21
955.40	1.02147E-21
955.60	1.03036E-21
955.80	1.03931E-21
956.00	1.04845E-21
956.20	1.05768E-21
956.40	1.06709E-21
956.60	1.07663E-21
956.80	1.08626E-21
957.00	1.09615E-21
957.20	1.10625E-21
957.40	1.11657E-21
957.60	1.12705E-21
957.80	1.13772E-21
958.00	1.14866E-21
958.20	1.15977E-21
958.40	1.17100E-21
958.60	1.18242E-21
958.80	1.19403E-21
959.00	1.20574E-21
959.20	1.21764E-21
959.40	1.22981E-21
959.60	1.24215E-21
959.80	1.25469E-21
960.00	1.26754E-21
960.20	1.28064E-21
960.40	1.29403E-21
960.60	1.30762E-21
960.80	1.32163E-21
961.00	1.33594E-21
961.20	1.35059E-21
961.40	1.36568E-21
961.60	1.38123E-21
961.80	1.39694E-21
962.00	1.41302E-21
962.20	1.42959E-21
962.40	1.44642E-21
962.60	1.46349E-21
962.80	1.48093E-21
963.00	1.49875E-21
963.20	1.51698E-21
963.40	1.53560E-21
963.60	1.55464E-21
963.80	1.57404E-21
964.00	1.59378E-21
964.20	1.61427E-21
964.40	1.63531E-21
964.60	1.65703E-21
964.80	1.67924E-21
965.00	1.70212E-21
965.20	1.72551E-21
965.40	1.74972E-21
965.60	1.77459E-21
965.80	1.80035E-21
966.00	1.82705E-21
966.20	1.85455E-21
966.40	1.88300E-21
966.60	1.91264E-21
966.80	1.94327E-21
967.00	1.97497E-21
967.20	2.00809E-21
967.40	2.04301E-21
967.60	2.07986E-21
967.80	2.11887E-21
968.00	2.16054E-21
968.20	2.20479E-21
968.40	2.25207E-21
968.60	2.30404E-21
968.80	2.36083E-21
969.00	2.42252E-21
969.20	2.49088E-21
969.40	2.56775E-21
969.60	2.65473E-21
969.80	2.75288E-21
970.00	2.86530E-21
970.20	2.99577E-21
970.40	3.14586E-21
970.60	3.32012E-21
970.80	3.52439E-21
971.00	3.76255E-21
971.20	4.03743E-21
971.40	4.35477E-21
971.60	4.71713E-21
971.80	5.13887E-21
972.00	5.58650E-21
972.20	6.08751E-21
972.40	6.60853E-21
972.60	7.15095E-21
972.80	7.66319E-21
973.00	8.21228E-21
973.20	8.69742E-21
973.40	9.14921E-21
973.60	9.54476E-21
973.80	9.91962E-21
974.00	1.02280E-20
974.20	1.04671E-20
974.40	1.06580E-20
974.60	1.08233E-20
974.80	1.09587E-20
975.00	1.10683E-20
975.20	1.11856E-20
975.40	1.12987E-20
975.60	1.14228E-20
975.80	1.15356E-20
976.00	1.16304E-20
976.20	1.17270E-20
976.40	1.18605E-20
976.60	1.19419E-20
976.80	1.20381E-20
977.00	1.21187E-20
977.20	1.21839E-20
977.40	1.21840E-20
977.60	1.21353E-20
977.80	1.20508E-20
978.00	1.19215E-20
978.20	1.17267E-20
978.40	1.14801E-20
978.60	1.12052E-20
978.80	1.08906E-20
979.00	1.05190E-20
979.20	1.01271E-20
979.40	9.70494E-21
979.60	9.30714E-21
979.80	8.90078E-21
980.00	8.52096E-21
980.20	8.14438E-21
980.40	7.78872E-21
980.60	7.44285E-21
980.80	7.12991E-21
981.00	6.82730E-21
981.20	6.54376E-21
981.40	6.27873E-21
981.60	6.03390E-21
981.80	5.80532E-21
982.00	5.59593E-21
982.20	5.40542E-21
982.40	5.22878E-21
982.60	5.06726E-21
982.80	4.92062E-21
983.00	4.78681E-21
983.20	4.66424E-21
983.40	4.55327E-21
983.60	4.45358E-21
983.80	4.36278E-21
984.00	4.27927E-21
984.20	4.20402E-21
984.40	4.13739E-21
984.60	4.07677E-21
984.80	4.02159E-21
985.00	3.97364E-21
985.20	3.93010E-21
985.40	3.89124E-21
985.60	3.85692E-21
985.80	3.82627E-21
986.00	3.79865E-21
986.20	3.77445E-21
986.40	3.75348E-21
986.60	3.73525E-21
986.80	3.71915E-21
987.00	3.70563E-21
987.20	3.69470E-21
987.40	3.68557E-21
987.60	3.67846E-21
987.80	3.67324E-21
988.00	3.66978E-21
988.20	3.66799E-21
988.40	3.66707E-21
988.60	3.66751E-21
988.80	3.66875E-21
989.00	3.67105E-21
989.20	3.67469E-21
989.40	3.67918E-21
989.60	3.68403E-21
989.80	3.68968E-21
990.00	3.69586E-21
990.20	3.70246E-21
990.40	3.70921E-21
990.60	3.71740E-21
990.80	3.72635E-21
991.00	3.73589E-21
991.20	3.74584E-21
991.40	3.75680E-21
991.60	3.76799E-21
991.80	3.77927E-21
992.00	3.79101E-21
992.20	3.80367E-21
992.40	3.81686E-21
992.60	3.83100E-21
992.80	3.84526E-21
993.00	3.85959E-21
993.20	3.87444E-21
993.40	3.88951E-21
993.60	3.90494E-21
993.80	3.92028E-21
994.00	3.93683E-21
994.20	3.95324E-21
994.40	3.97055E-21
994.60	3.98778E-21
994.80	4.00546E-21
995.00	4.02424E-21
995.20	4.04347E-21
995.40	4.06245E-21
995.60	4.08194E-21
995.80	4.10115E-21
996.00	4.12018E-21
996.20	4.13831E-21
996.40	4.15680E-21
996.60	4.17586E-21
996.80	4.19484E-21
997.00	4.21438E-21
997.20	4.23404E-21
997.40	4.25315E-21
997.60	4.27259E-21
997.80	4.29287E-21
998.00	4.31280E-21
998.20	4.33329E-21
998.40	4.35457E-21
998.60	4.37461E-21
998.80	4.39420E-21
999.00	4.41382E-21
999.20	4.43213E-21
999.40	4.44993E-21
999.60	4.46836E-21
999.80	4.48669E-21
1000.00	4.50467E-21
1000.20	4.52288E-21
1000.40	4.54039E-21
1000.60	4.55769E-21
1000.80	4.57330E-21
1001.00	4.58932E-21
1001.20	4.60443E-21
1001.40	4.61919E-21
1001.60	4.63274E-21
1001.80	4.64662E-21
1002.00	4.65976E-21
1002.20	4.67319E-21
1002.40	4.68646E-21
1002.60	4.69951E-21
1002.80	4.71275E-21
1003.00	4.72513E-21
1003.20	4.73665E-21
1003.40	4.74771E-21
1003.60	4.75803E-21
1003.80	4.76617E-21
1004.00	4.77440E-21
1004.20	4.78167E-21
1004.40	4.78812E-21
1004.60	4.79385E-21
1004.80	4.79894E-21
1005.00	4.80377E-21
1005.20	4.80894E-21
1005.40	4.81419E-21
1005.60	4.81949E-21
1005.80	4.82379E-21
1006.00	4.82773E-21
1006.20	4.83165E-21
1006.40	4.83468E-21
1006.60	4.83770E-21
1006.80	4.83991E-21
1007.00	4.84208E-21
1007.20	4.84441E-21
1007.40	4.84758E-21
1007.60	4.85112E-21
1007.80	4.85437E-21
1008.00	4.85697E-21
1008.20	4.85894E-21
1008.40	4.85995E-21
1008.60	4.85945E-21
1008.80	4.85760E-21
1009.00	4.85479E-21
1009.20	4.85181E-21
1009.40	4.84934E-21
1009.60	4.84754E-21
1009.80	4.84654E-21
1010.00	4.84679E-21
1010.20	4.84833E-21
1010.40	4.85052E-21
1010.60	4.85200E-21
1010.80	4.85159E-21
1011.00	4.84898E-21
1011.20	4.84470E-21
1011.40	4.83956E-21
1011.60	4.83445E-21
1011.80	4.83031E-21
1012.00	4.82805E-21
1012.20	4.82803E-21
1012.40	4.82960E-21
1012.60	4.83141E-21
1012.80	4.83217E-21
1013.00	4.83136E-21
1013.20	4.82905E-21
1013.40	4.82542E-21
1013.60	4.82049E-21
1013.80	4.81437E-21
1014.00	4.80744E-21
1014.20	4.80015E-21
1014.40	4.79269E-21
1014.60	4.78505E-21
1014.80	4.77738E-21
1015.00	4.77011E-21
1015.20	4.76364E-21
1015.40	4.75785E-21
1015.60	4.75216E-21
1015.80	4.74602E-21
1016.00	4.73935E-21
1016.20	4.73234E-21
1016.40	4.72511E-21
1016.60	4.71769E-21
1016.80	4.71027E-21
1017.00	4.70326E-21
1017.20	4.69694E-21
1017.40	4.69103E-21
1017.60	4.68478E-21
1017.80	4.67759E-21
1018.00	4.66947E-21
1018.20	4.66080E-21
1018.40	4.65193E-21
1018.60	4.64289E-21
1018.80	4.63367E-21
1019.00	4.62438E-21
1019.20	4.61508E-21
1019.40	4.60554E-21
1019.60	4.59530E-21
1019.80	4.58416E-21
1020.00	4.57244E-21
1020.20	4.56073E-21
1020.40	4.54937E-21
1020.60	4.53827E-21
1020.80	4.52724E-21
1021.00	4.51638E-21
1021.20	4.50594E-21
1021.40	4.49606E-21
1021.60	4.48658E-21
1021.80	4.47725E-21
1022.00	4.46795E-21
1022.20	4.45861E-21
1022.40	4.44902E-21
1022.60	4.43884E-21
1022.80	4.42794E-21
1023.00	4.41658E-21
1023.20	4.40515E-21
1023.40	4.39369E-21
1023.60	4.38177E-21
1023.80	4.36887E-21
1024.00	4.35492E-21
1024.20	4.34035E-21
1024.40	4.32593E-21
1024.60	4.31232E-21
1024.80	4.29995E-21
1025.00	4.28884E-21
1025.20	4.27854E-21
1025.40	4.26818E-21
1025.60	4.25686E-21
1025.80	4.24411E-21
1026.00	4.23015E-21
1026.20	4.21549E-21
1026.40	4.20052E-21
1026.60	4.18522E-21
1026.80	4.16931E-21
1027.00	4.15252E-21
1027.20	4.13471E-21
1027.40	4.11595E-21
1027.60	4.09663E-21
1027.80	4.07753E-21
1028.00	4.05963E-21
1028.20	4.04354E-21
1028.40	4.02909E-21
1028.60	4.01542E-21
1028.80	4.00139E-21
1029.00	3.98615E-21
1029.20	3.96921E-21
1029.40	3.95047E-21
1029.60	3.93024E-21
1029.80	3.90923E-21
1030.00	3.88839E-21
1030.20	3.86849E-21
1030.40	3.84980E-21
1030.60	3.83223E-21
1030.80	3.81574E-21
1031.00	3.80043E-21
1031.20	3.78620E-21
1031.40	3.77251E-21
1031.60	3.75856E-21
1031.80	3.74384E-21
1032.00	3.72838E-21
1032.20	3.71251E-21
1032.40	3.69638E-21
1032.60	3.67987E-21
1032.80	3.66289E-21
1033.00	3.64560E-21
1033.20	3.62831E-21
1033.40	3.61113E-21
1033.60	3.59398E-21
1033.80	3.57687E-21
1034.00	3.55995E-21
1034.20	3.54332E-21
1034.40	3.52676E-21
1034.60	3.50979E-21
1034.80	3.49218E-21
1035.00	3.47422E-21
1035.20	3.45638E-21
1035.40	3.43888E-21
1035.60	3.42150E-21
1035.80	3.40403E-21
1036.00	3.38659E-21
1036.20	3.36954E-21
1036.40	3.35314E-21
1036.60	3.33735E-21
1036.80	3.32206E-21
1037.00	3.30728E-21
1037.20	3.29300E-21
1037.40	3.27890E-21
1037.60	3.26440E-21
1037.80	3.24909E-21
1038.00	3.23309E-21
1038.20	3.21690E-21
1038.40	3.20093E-21
1038.60	3.18530E-21
1038.80	3.16996E-21
1039.00	3.15497E-21
1039.20	3.14044E-21
1039.40	3.12634E-21
1039.60	3.11246E-21
1039.80	3.09871E-21
1040.00	3.08527E-21
1040.20	3.07235E-21
1040.40	3.05982E-21
1040.60	3.04713E-21
1040.80	3.03371E-21
1041.00	3.01942E-21
1041.20	3.00453E-21
1041.40	2.98946E-21
1041.60	2.97458E-21
1041.80	2.96025E-21
1042.00	2.94689E-21
1042.20	2.93472E-21
1042.40	2.92349E-21
1042.60	2.91252E-21
1042.80	2.90123E-21
1043.00	2.88953E-21
1043.20	2.87772E-21
1043.40	2.86600E-21
1043.60	2.85435E-21
1043.80	2.84273E-21
1044.00	2.83130E-21
1044.20	2.82025E-21
1044.40	2.80947E-21
1044.60	2.79851E-21
1044.80	2.78696E-21
1045.00	2.77484E-21
1045.20	2.76246E-21
1045.40	2.75006E-21
1045.60	2.73763E-21
1045.80	2.72528E-21
1046.00	2.71342E-21
1046.20	2.70250E-21
1046.40	2.69252E-21
1046.60	2.68287E-21
1046.80	2.67286E-21
1047.00	2.66223E-21
1047.20	2.65116E-21
1047.40	2.63978E-21
1047.60	2.62805E-21
1047.80	2.61597E-21
1048.00	2.60394E-21
1048.20	2.59254E-21
1048.40	2.58196E-21
1048.60	2.57183E-21
1048.80	2.56164E-21
1049.00	2.55129E-21
1049.20	2.54100E-21
1049.40	2.53088E-21
1049.60	2.52068E-21
1049.80	2.51020E-21
1050.00	2.49974E-21
1050.20	2.48987E-21
1050.40	2.48083E-21
1050.60	2.47222E-21
1050.80	2.46353E-21
1051.00	2.45469E-21
1051.20	2.44612E-21
1051.40	2.43801E-21
1051.60	2.43000E-21
1051.80	2.42153E-21
1052.00	2.41253E-21
1052.20	2.40337E-21
1052.40	2.39429E-21
1052.60	2.38501E-21
1052.80	2.37518E-21
1053.00	2.36498E-21
1053.20	2.35503E-21
1053.40	2.34560E-21
1053.60	2.33619E-21
1053.80	2.32612E-21
1054.00	2.31536E-21
1054.20	2.30464E-21
1054.40	2.29451E-21
1054.60	2.28473E-21
1054.80	2.27464E-21
1055.00	2.26415E-21
1055.20	2.25393E-21
1055.40	2.24451E-21
1055.60	2.23559E-21
1055.80	2.22657E-21
1056.00	2.21754E-21
1056.20	2.20934E-21
1056.40	2.20236E-21
1056.60	2.19558E-21
1056.80	2.18737E-21
1057.00	2.17730E-21
1057.20	2.16662E-21
1057.40	2.15674E-21
1057.60	2.14745E-21
1057.80	2.13737E-21
1058.00	2.12608E-21
1058.20	2.11530E-21
1058.40	2.10688E-21
1058.60	2.09989E-21
1058.80	2.09041E-21
1059.00	2.07524E-21
1059.20	2.05583E-21
1059.40	2.03795E-21
1059.60	2.02673E-21
1059.80	2.02209E-21
1060.00	2.01904E-21
1060.20	2.01252E-21
1060.40	2.00166E-21
1060.60	1.98944E-21
1060.80	1.97878E-21
1061.00	1.96968E-21
1061.20	1.96007E-21
1061.40	1.94876E-21
1061.60	1.93669E-21
1061.80	1.92553E-21
1062.00	1.91557E-21
1062.20	1.90573E-21
1062.40	1.89516E-21
1062.60	1.88442E-21
1062.80	1.87463E-21
1063.00	1.86586E-21
1063.20	1.85680E-21
1063.40	1.84611E-21
1063.60	1.83387E-21
1063.80	1.82144E-21
1064.00	1.80999E-21
1064.20	1.79952E-21
1064.40	1.78926E-21
1064.60	1.77877E-21
1064.80	1.76848E-21
1065.00	1.75910E-21
1065.20	1.75078E-21
1065.40	1.74296E-21
1065.60	1.73489E-21
1065.80	1.72616E-21
1066.00	1.71678E-21
1066.20	1.70695E-21
1066.40	1.69691E-21
1066.60	1.68686E-21
1066.80	1.67690E-21
1067.00	1.66676E-21
1067.20	1.65591E-21
1067.40	1.64398E-21
1067.60	1.63124E-21
1067.80	1.61869E-21
1068.00	1.60736E-21
1068.20	1.59761E-21
1068.40	1.58892E-21
1068.60	1.58030E-21
1068.80	1.57101E-21
1069.00	1.56087E-21
1069.20	1.55015E-21
1069.40	1.53926E-21
1069.60	1.52855E-21
1069.80	1.51824E-21
1070.00	1.50843E-21
1070.20	1.49894E-21
1070.40	1.48934E-21
1070.60	1.47917E-21
1070.80	1.46839E-21
1071.00	1.45750E-21
1071.20	1.44725E-21
1071.40	1.43804E-21
1071.60	1.42954E-21
1071.80	1.42098E-21
1072.00	1.41173E-21
1072.20	1.40179E-21
1072.40	1.39162E-21
1072.60	1.38159E-21
1072.80	1.37163E-21
1073.00	1.36137E-21
1073.20	1.35062E-21
1073.40	1.33971E-21
1073.60	1.32921E-21
1073.80	1.31950E-21
1074.00	1.31048E-21
1074.20	1.30167E-21
1074.40	1.29254E-21
1074.60	1.28277E-21
1074.80	1.27236E-21
1075.00	1.26159E-21
1075.20	1.25091E-21
1075.40	1.24071E-21
1075.60	1.23119E-21
1075.80	1.22222E-21
1076.00	1.21362E-21
1076.20	1.20530E-21
1076.40	1.19726E-21
1076.60	1.18939E-21
1076.80	1.18132E-21
1077.00	1.17254E-21
1077.20	1.16284E-21
1077.40	1.15246E-21
1077.60	1.14194E-21
1077.80	1.13167E-21
1078.00	1.12176E-21
1078.20	1.11212E-21
1078.40	1.10273E-21
1078.60	1.09362E-21
1078.80	1.08468E-21
1079.00	1.07572E-21
1079.20	1.06662E-21
1079.40	1.05756E-21
1079.60	1.04887E-21
1079.80	1.04076E-21
1080.00	1.03310E-21
1080.20	1.02553E-21
1080.40	1.01776E-21
1080.60	1.00968E-21
1080.80	1.00129E-21
1081.00	9.92611E-22
1081.20	9.83798E-22
1081.40	9.75167E-22
1081.60	9.67083E-22
1081.80	9.59692E-22
1082.00	9.52775E-22
1082.20	9.45915E-22
1082.40	9.38793E-22
1082.60	9.31321E-22
1082.80	9.23532E-22
1083.00	9.15463E-22
1083.20	9.07222E-22
1083.40	8.99104E-22
1083.60	8.91507E-22
1083.80	8.84605E-22
1084.00	8.78106E-22
1084.20	8.71397E-22
1084.40	8.64012E-22
1084.60	8.55973E-22
1084.80	8.47690E-22
1085.00	8.39528E-22
1085.20	8.31491E-22
1085.40	8.23299E-22
1085.60	8.14766E-22
1085.80	8.06079E-22
1086.00	7.97733E-22
1086.20	7.90180E-22
1086.40	7.83490E-22
1086.60	7.77308E-22
1086.80	7.71139E-22
1087.00	7.64728E-22
1087.20	7.58210E-22
1087.40	7.51890E-22
1087.60	7.45866E-22
1087.80	7.39864E-22
1088.00	7.33457E-22
1088.20	7.26467E-22
1088.40	7.19117E-22
1088.60	7.11806E-22
1088.80	7.04775E-22
1089.00	6.98035E-22
1089.20	6.91588E-22
1089.40	6.85572E-22
1089.60	6.80089E-22
1089.80	6.74907E-22
1090.00	6.69475E-22
1090.20	6.63351E-22
1090.40	6.56611E-22
1090.60	6.49775E-22
1090.80	6.43303E-22
1091.00	6.37209E-22
1091.20	6.31191E-22
1091.40	6.25076E-22
1091.60	6.19028E-22
1091.80	6.13310E-22
1092.00	6.07947E-22
1092.20	6.02710E-22
1092.40	5.97391E-22
1092.60	5.91975E-22
1092.80	5.86488E-22
1093.00	5.80803E-22
1093.20	5.74739E-22
1093.40	5.68406E-22
1093.60	5.62303E-22
1093.80	5.56957E-22
1094.00	5.52432E-22
1094.20	5.48268E-22
1094.40	5.43926E-22
1094.60	5.39253E-22
1094.80	5.34479E-22
1095.00	5.29816E-22
1095.20	5.25206E-22
1095.40	5.20465E-22
1095.60	5.15573E-22
1095.80	5.10697E-22
1096.00	5.05928E-22
1096.20	5.01117E-22
1096.40	4.96078E-22
1096.60	4.90893E-22
1096.80	4.85913E-22
1097.00	4.81411E-22
1097.20	4.77296E-22
1097.40	4.73221E-22
1097.60	4.68953E-22
1097.80	4.64548E-22
1098.00	4.60172E-22
1098.20	4.55826E-22
1098.40	4.51347E-22
1098.60	4.46662E-22
1098.80	4.41937E-22
1099.00	4.37423E-22
1099.20	4.33183E-22
1099.40	4.29033E-22
1099.60	4.24774E-22
1099.80	4.20419E-22
1100.00	4.16175E-22
1100.20	4.12216E-22
1100.40	4.08529E-22
1100.60	4.04944E-22
1100.80	4.01286E-22
1101.00	3.97469E-22
1101.20	3.93518E-22
1101.40	3.89557E-22
1101.60	3.85760E-22
1101.80	3.82239E-22
1102.00	3.78912E-22
1102.20	3.75510E-22
1102.40	3.71793E-22
1102.60	3.67785E-22
1102.80	3.63775E-22
1103.00	3.60068E-22
1103.20	3.56731E-22
1103.40	3.53597E-22
1103.60	3.50484E-22
1103.80	3.47352E-22
1104.00	3.44247E-22
1104.20	3.41156E-22
1104.40	3.37990E-22
1104.60	3.34712E-22
1104.80	3.31412E-22
1105.00	3.28206E-22
1105.20	3.25086E-22
1105.40	3.21932E-22
1105.60	3.18680E-22
1105.80	3.15431E-22
1106.00	3.12349E-22
1106.20	3.09473E-22
1106.40	3.06672E-22
1106.60	3.03794E-22
1106.80	3.00810E-22
1107.00	2.97793E-22
1107.20	2.94784E-22
1107.40	2.91752E-22
1107.60	2.88695E-22
1107.80	2.85738E-22
1108.00	2.83053E-22
1108.20	2.80696E-22
1108.40	2.78539E-22
1108.60	2.76380E-22
1108.80	2.74102E-22
1109.00	2.71700E-22
1109.20	2.69210E-22
1109.40	2.66667E-22
1109.60	2.64138E-22
1109.80	2.61730E-22
1110.00	2.59498E-22
1110.20	2.57346E-22
1110.40	2.55073E-22
1110.60	2.52566E-22
1110.80	2.49923E-22
1111.00	2.47355E-22
1111.20	2.44975E-22
1111.40	2.42706E-22
1111.60	2.40402E-22
1111.80	2.38015E-22
1112.00	2.35607E-22
1112.20	2.33241E-22
1112.40	2.30918E-22
1112.60	2.28644E-22
1112.80	2.26501E-22
1113.00	2.24583E-22
1113.20	2.22854E-22
1113.40	2.21127E-22
1113.60	2.19247E-22
1113.80	2.17256E-22
1114.00	2.15343E-22
1114.20	2.13601E-22
1114.40	2.11885E-22
1114.60	2.09956E-22
1114.80	2.07773E-22
1115.00	2.05587E-22
1115.20	2.03733E-22
1115.40	2.02310E-22
1115.60	2.01086E-22
1115.80	1.99690E-22
1116.00	1.97909E-22
1116.20	1.95810E-22
1116.40	1.93630E-22
1116.60	1.91577E-22
1116.80	1.89702E-22
1117.00	1.87904E-22
1117.20	1.86062E-22
1117.40	1.84166E-22
1117.60	1.82379E-22
1117.80	1.80924E-22
1118.00	1.79872E-22
1118.20	1.79003E-22
1118.40	1.77910E-22
1118.60	1.76304E-22
1118.80	1.74268E-22
1119.00	1.72199E-22
1119.20	1.70476E-22
1119.40	1.69146E-22
1119.60	1.67939E-22
1119.80	1.66571E-22
1120.00	1.65046E-22
1120.20	1.63639E-22
1120.40	1.62594E-22
1120.60	1.61830E-22
1120.80	1.60946E-22
1121.00	1.59523E-22
1121.20	1.57449E-22
1121.40	1.54997E-22
1121.60	1.52595E-22
1121.80	1.50551E-22
1122.00	1.48952E-22
1122.20	1.47783E-22
1122.40	1.47039E-22
1122.60	1.46667E-22
1122.80	1.46412E-22
1123.00	1.45830E-22
1123.20	1.44576E-22
1123.40	1.42760E-22
1123.60	1.40952E-22
1123.80	1.39760E-22
1124.00	1.39314E-22
1124.20	1.39146E-22
1124.40	1.38584E-22
1124.60	1.37268E-22
1124.80	1.35343E-22
1125.00	1.33219E-22
1125.20	1.31246E-22
1125.40	1.29595E-22
1125.60	1.28350E-22
1125.80	1.27567E-22
1126.00	1.27216E-22
1126.20	1.27119E-22
1126.40	1.27034E-22
1126.60	1.26794E-22
1126.80	1.26346E-22
1127.00	1.25647E-22
1127.20	1.24629E-22
1127.40	1.23298E-22
1127.60	1.21835E-22
1127.80	1.20507E-22
1128.00	1.19434E-22
1128.20	1.18494E-22
1128.40	1.17505E-22
1128.60	1.16453E-22
1128.80	1.15487E-22
1129.00	1.14673E-22
1129.20	1.13859E-22
1129.40	1.12861E-22
1129.60	1.11748E-22
1129.80	1.10831E-22
1130.00	1.10311E-22
1130.20	1.10014E-22
1130.40	1.09546E-22
1130.60	1.08706E-22
1130.80	1.07666E-22
1131.00	1.06712E-22
1131.20	1.05898E-22
1131.40	1.05036E-22
1131.60	1.04005E-22
1131.80	1.02943E-22
1132.00	1.02070E-22
1132.20	1.01387E-22
1132.40	1.00658E-22
1132.60	9.96934E-23
1132.80	9.85526E-23
1133.00	9.74255E-23
1133.20	9.63818E-23
1133.40	9.53390E-23
1133.60	9.42560E-23
1133.80	9.32355E-23
1134.00	9.23682E-23
1134.20	9.15582E-23
1134.40	9.06303E-23
1134.60	8.96114E-23
1134.80	8.87774E-23
1135.00	8.83293E-23
1135.20	8.80859E-23
1135.40	8.76333E-23
1135.60	8.68101E-23
1135.80	8.59499E-23
1136.00	8.55571E-23
1136.20	8.57724E-23
1136.40	8.62313E-23
1136.60	8.64312E-23
1136.80	8.61426E-23
1137.00	8.54439E-23
1137.20	8.44944E-23
1137.40	8.34210E-23
1137.60	8.23922E-23
1137.80	8.16053E-23
1138.00	8.10774E-23
1138.20	8.05443E-23
1138.40	7.97370E-23
1138.60	7.87728E-23
1138.80	7.81024E-23
1139.00	7.79587E-23
1139.20	7.79605E-23
1139.40	7.74583E-23
1139.60	7.62996E-23
1139.80	7.50781E-23
1140.00	7.44897E-23
1140.20	7.45277E-23
1140.40	7.45003E-23
1140.60	7.38599E-23
1140.80	7.28263E-23
1141.00	7.20561E-23
1141.20	7.18181E-23
1141.40	7.17217E-23
1141.60	7.12832E-23
1141.80	7.05337E-23
1142.00	6.98880E-23
1142.20	6.95361E-23
1142.40	6.92275E-23
1142.60	6.87062E-23
1142.80	6.81082E-23
1143.00	6.77174E-23
1143.20	6.74460E-23
1143.40	6.68608E-23
1143.60	6.58014E-23
1143.80	6.47113E-23
1144.00	6.41164E-23
1144.20	6.38981E-23
1144.40	6.34177E-23
1144.60	6.24345E-23
1144.80	6.15792E-23
1145.00	6.16056E-23
1145.20	6.23075E-23
1145.40	6.25972E-23
1145.60	6.18050E-23
1145.80	6.05602E-23
1146.00	6.00179E-23
1146.20	6.03515E-23
1146.40	6.05120E-23
1146.60	5.96592E-23
1146.80	5.83796E-23
1147.00	5.79574E-23
1147.20	5.85669E-23
1147.40	5.88800E-23
1147.60	5.78320E-23
1147.80	5.62565E-23
1148.00	5.59542E-23
1148.20	5.71135E-23
1148.40	5.75935E-23
1148.60	5.55799E-23
1148.80	5.25437E-23
1149.00	5.22127E-23
1149.20	5.57513E-23
1149.40	5.85793E-23
1149.60	5.34630E-23
1149.80	5.34630E-23