900.00 0.996080
900.50 0.996260
901.00 0.996580
901.50 0.996770
902.00 0.996950
902.50 0.997080
903.00 0.997140
903.50 0.997390
904.00 0.997390
904.50 0.997580
905.00 0.997770
905.50 0.997760
906.00 0.997890
906.50 0.997950
907.00 0.998010
907.50 0.998010
908.00 0.998140
908.50 0.998200
909.00 0.998260
909.50 0.998320
910.00 0.998320
910.50 0.998380
911.00 0.998380
911.50 0.998440
912.00 0.998510
912.50 0.998440
913.00 0.998630
913.50 0.998560
914.00 0.998630
914.50 0.998560
915.00 0.998760
915.50 0.998690
916.00 0.998620
916.50 0.998820
917.00 0.998750
917.50 0.998680
918.00 0.998680
918.50 0.998880
919.00 0.998740
919.50 0.998670
920.00 0.998870
920.50 0.998800
921.00 0.998870
921.50 0.998870
922.00 0.998860
922.50 0.998860
923.00 0.998790
923.50 0.998790
924.00 0.998720
924.50 0.998860
925.00 0.998920
925.50 0.998850
926.00 0.998920
926.50 0.998920
927.00 0.998850
927.50 0.998780
928.00 0.998840
928.50 0.998780
929.00 0.998770
929.50 0.998770
930.00 0.998840
930.50 0.998770
931.00 0.998630
931.50 0.998690
932.00 0.998690
932.50 0.998690
933.00 0.998760
933.50 0.998550
934.00 0.998540
934.50 0.998610
935.00 0.998540
935.50 0.998610
936.00 0.998400
936.50 0.998400
937.00 0.998330
937.50 0.998320
938.00 0.998320
938.50 0.998320
939.00 0.998180
939.50 0.998110
940.00 0.998180
940.50 0.998040
941.00 0.998110
941.50 0.997820
942.00 0.997820
942.50 0.997670
943.00 0.997670
943.50 0.997660
944.00 0.997380
944.50 0.997450
945.00 0.997230
945.50 0.997160
946.00 0.997090
946.50 0.996870
947.00 0.996660
947.50 0.996440
948.00 0.996360
948.50 0.996150
949.00 0.996000
949.50 0.995710
950.00 0.995420
950.50 0.995130
951.00 0.994770
951.50 0.994550
952.00 0.994110
952.50 0.993820
953.00 0.993240
953.50 0.992950
954.00 0.992370
954.50 0.991860
955.00 0.991210
955.50 0.990550
956.00 0.989670
956.50 0.988810
957.00 0.988010
957.50 0.986990
958.00 0.985670
958.50 0.984430
959.00 0.983050
959.50 0.981660
960.00 0.979700
960.50 0.977940
961.00 0.975610
961.50 0.973110
962.00 0.970500
962.50 0.966970
963.00 0.963600
963.50 0.959670
964.00 0.955110
964.50 0.950080
965.00 0.944050
965.50 0.938190
966.00 0.930860
966.50 0.922500
967.00 0.913010
967.50 0.901690
968.00 0.889270
968.50 0.874770
969.00 0.858310
969.50 0.839940
970.00 0.818620
970.50 0.798220
971.00 0.771080
971.50 0.741020
972.00 0.708940
972.50 0.673120
973.00 0.635460
973.50 0.599030
974.00 0.556310
974.50 0.511620
975.00 0.466120
975.50 0.420320
976.00 0.374930
976.50 0.334670
977.00 0.292340
977.50 0.251900
978.00 0.214140
978.50 0.179950
979.00 0.149340
979.50 0.123450
980.00 0.100560
980.50 0.081430
981.00 0.065710
981.50 0.054280
982.00 0.044630
982.50 0.036800
983.00 0.030890
983.50 0.026650
984.00 0.023510
984.50 0.021600
985.00 0.019910
985.50 0.018870
986.00 0.018420
986.50 0.017830
987.00 0.017220
987.50 0.016630
988.00 0.015740
988.50 0.015010
989.00 0.013820
989.50 0.013020
990.00 0.011960
990.50 0.011210
991.00 0.010330
991.50 0.009100
992.00 0.008290
992.50 0.007170
993.00 0.006270
993.50 0.005870
994.00 0.005480
994.50 0.004590
995.00 0.004110
995.50 0.003830
996.00 0.003540
996.50 0.003610
997.00 0.003390
997.50 0.003060
998.00 0.003370
998.50 0.003060
999.00 0.003270
999.50 0.003210
1000.00 0.003060
1000.50 0.003280
1001.00 0.003280
1001.50 0.003510
1002.00 0.003450
1002.50 0.003280
1003.00 0.003290
1003.50 0.003420
1004.00 0.003430
1004.50 0.003350
1005.00 0.003640
1005.50 0.003340
1006.00 0.003610
1006.50 0.004060
1007.00 0.003890
1007.50 0.004530
1008.00 0.004940
1008.50 0.005650
1009.00 0.006050
1009.50 0.007120
1010.00 0.007960
1010.50 0.009170
1011.00 0.010480
1011.50 0.011910
1012.00 0.013010
1012.50 0.014820
1013.00 0.016150
1013.50 0.017940
1014.00 0.019760
1014.50 0.021520
1015.00 0.023290
1015.50 0.025160
1016.00 0.026890
1016.50 0.028600
1017.00 0.030120
1017.50 0.031620
1018.00 0.033190
1018.50 0.034270
1019.00 0.035370
1019.50 0.036660
1020.00 0.037330
1020.50 0.037800
1021.00 0.038380
1021.50 0.038770
1022.00 0.038170
1022.50 0.038140
1023.00 0.037640
1023.50 0.037190
1024.00 0.036270
1024.50 0.034990
1025.00 0.033500
1025.50 0.032250
1026.00 0.030840
1026.50 0.029020
1027.00 0.027220
1027.50 0.025710
1028.00 0.023680
1028.50 0.021670
1029.00 0.019880
1029.50 0.018110
1030.00 0.016300
1030.50 0.014570
1031.00 0.013070
1031.50 0.011400
1032.00 0.009750
1032.50 0.008810
1033.00 0.007580
1033.50 0.006830
1034.00 0.006080
1034.50 0.005260
1035.00 0.004630
1035.50 0.004300
1036.00 0.004090
1036.50 0.004010
1037.00 0.003930
1037.50 0.003850
1038.00 0.004280
1038.50 0.004260
1039.00 0.004520
1039.50 0.005020
1040.00 0.005420
1040.50 0.005540
1041.00 0.006020
1041.50 0.006150
1042.00 0.006290
1042.50 0.006260
1043.00 0.006670
1043.50 0.006460
1044.00 0.006540
1044.50 0.006540
1045.00 0.006120
1045.50 0.006050
1046.00 0.005690
1046.50 0.005780
1047.00 0.005500
1047.50 0.005160
1048.00 0.004950
1048.50 0.005030
1049.00 0.004760
1049.50 0.004630
1050.00 0.004820
1050.50 0.005100
1051.00 0.005290
1051.50 0.005760
1052.00 0.006290
1052.50 0.007270
1053.00 0.008520
1053.50 0.010470
1054.00 0.013440
1054.50 0.016550
1055.00 0.022710
1055.50 0.028670
1056.00 0.036740
1056.50 0.048050
1057.00 0.061930
1057.50 0.076730
1058.00 0.099780
1058.50 0.122280
1059.00 0.153250
1059.50 0.184820
1060.00 0.216360
1060.50 0.259240
1061.00 0.302460
1061.50 0.351690
1062.00 0.396380
1062.50 0.452750
1063.00 0.495510
1063.50 0.543450
1064.00 0.594380
1064.50 0.638530
1065.00 0.686320
1065.50 0.722600
1066.00 0.756130
1066.50 0.791500
1067.00 0.819750
1067.50 0.849010
1068.00 0.868230
1068.50 0.887490
1069.00 0.904810
1069.50 0.918870
1070.00 0.932120
1070.50 0.940970
1071.00 0.951060
1071.50 0.957220
1072.00 0.963180
1072.50 0.968940
1073.00 0.972670
1073.50 0.976790
1074.00 0.979470
1074.50 0.982470
1075.00 0.984500
1075.50 0.986070
1076.00 0.988020
1076.50 0.989200
1077.00 0.990700
1077.50 0.991550
1078.00 0.992330
1078.50 0.993180
1079.00 0.993760
1079.50 0.994290
1080.00 0.994870
1080.50 0.995330
1081.00 0.995850
1081.50 0.996040
1082.00 0.996370
1082.50 0.996560
1083.00 0.996960
1083.50 0.997080
1084.00 0.997220
1084.50 0.997410
1085.00 0.997670
1085.50 0.997670
1086.00 0.997870
1086.50 0.998000
1087.00 0.998060
1087.50 0.998190
1088.00 0.998190
1088.50 0.998320
1089.00 0.998320
1089.50 0.998390
1090.00 0.998390
1090.50 0.998580
1091.00 0.998580
1091.50 0.998580
1092.00 0.998650
1092.50 0.998780
1093.00 0.998840
1093.50 0.998780
1094.00 0.998840
1094.50 0.999030
1095.00 0.998840
1095.50 0.999030
1096.00 0.998910
1096.50 0.999030
1097.00 0.998970
1097.50 0.999040
1098.00 0.999100
1098.50 0.999040
1099.00 0.999100
1099.50 0.999160
1100.00 0.999100
1100.50 0.999100
1101.00 0.999100
1101.50 0.999290
1102.00 0.999230
1102.50 0.999230
1103.00 0.999290
1103.50 0.999290
1104.00 0.999290
1104.50 0.999360
1105.00 0.999230
1105.50 0.999230
1106.00 0.999360
1106.50 0.999290
1107.00 0.999290
1107.50 0.999420
1108.00 0.999360
1108.50 0.999360
1109.00 0.999360
1109.50 0.999290
1110.00 0.999290
1110.50 0.999420
1111.00 0.999490
1111.50 0.999420
1112.00 0.999420
1112.50 0.999490
1113.00 0.999490
1113.50 0.999620
1114.00 0.999490
1114.50 0.999490
1115.00 0.999680
1115.50 0.999490
1116.00 0.999420
1116.50 0.999550
1117.00 0.999550
1117.50 0.999490
1118.00 0.999550
1118.50 0.999550
1119.00 0.999680
1119.50 0.999550
1120.00 0.999550
1120.50 0.999610
1121.00 0.999550
1121.50 0.999550
1122.00 0.999680
1122.50 0.999610
1123.00 0.999550
1123.50 0.999610
1124.00 0.999550
1124.50 0.999680
1125.00 0.999680
1125.50 0.999610
1126.00 0.999610
1126.50 0.999680
1127.00 0.999610
1127.50 0.999550
1128.00 0.999680
1128.50 0.999740
1129.00 0.999680
1129.50 0.999680
1130.00 0.999680
1130.50 0.999680
1131.00 0.999740
1131.50 0.999740
1132.00 0.999610
1132.50 0.999610
1133.00 0.999740
1133.50 0.999740
1134.00 0.999680
1134.50 0.999680
1135.00 0.999610
1135.50 0.999680
1136.00 0.999740
1136.50 0.999680
1137.00 0.999740
1137.50 0.999740
1138.00 0.999740
1138.50 0.999740
1139.00 0.999740
1139.50 0.999680
1140.00 0.999810
1140.50 0.999740
1141.00 0.999740
1141.50 0.999740
1142.00 0.999740
1142.50 0.999740
1143.00 0.999810
1143.50 0.999740
1144.00 0.999740
1144.50 0.999870
1145.00 0.999740
1145.50 0.999810
1146.00 0.999740
1146.50 0.999810
1147.00 0.999870
1147.50 0.999810
1148.00 0.999940
1148.50 0.999810
1149.00 0.999740
1149.50 0.999870
1150.00 0.999810
1150.50 0.999810
1151.00 0.999810
1151.50 0.999810
1152.00 0.999740
1152.50 0.999870
1153.00 0.999810
1153.50 0.999740
1154.00 0.999740
1154.50 0.999870
1155.00 0.999740
1155.50 0.999810
1156.00 0.999810
1156.50 0.999810
1157.00 0.999810
1157.50 0.999810
1158.00 0.999810
1158.50 0.999870
1159.00 0.999870
1159.50 0.999870
1160.00 0.999870
1160.50 0.999810
1161.00 0.999810
1161.50 0.999870
1162.00 0.999810
1162.50 0.999810
1163.00 0.999810
1163.50 0.999810
1164.00 0.999870
1164.50 0.999870
1165.00 0.999810
1165.50 0.999870
1166.00 0.999870
1166.50 0.999810
1167.00 0.999810
1167.50 0.999740
1168.00 0.999870
1168.50 0.999870
1169.00 0.999870
1169.50 0.999940
1170.00 0.999870
1170.50 0.999870
1171.00 0.999740
1171.50 0.999870
1172.00 0.999870
1172.50 0.999740
1173.00 0.999740
1173.50 0.999740
1174.00 0.999870
1174.50 0.999870
1175.00 0.999940
1175.50 0.999740
1176.00 0.999810
1176.50 0.999810
1177.00 0.999810
1177.50 0.999940
1178.00 0.999870
1178.50 0.999870
1179.00 0.999870
1179.50 0.999870
1180.00 0.999870
1180.50 0.999860
1181.00 0.999790
1181.50 0.999860
1182.00 1.000000
1182.50 1.000000
1183.00 0.999860
1183.50 0.999930
1184.00 0.999930
1184.50 0.999930
1185.00 0.999930
1185.50 0.999930
1186.00 1.000000
1186.50 0.999930
1187.00 0.999930
1187.50 0.999930
1188.00 0.999930
1188.50 0.999860
1189.00 1.000000
1189.50 1.000000
1190.00 0.999860
1190.50 0.999930
1191.00 0.999930
1191.50 0.999930
1192.00 1.000000
1192.50 1.000000
1193.00 1.000000
1193.50 0.999860
1194.00 0.999860
1194.50 1.000000
1195.00 0.999860
1195.50 0.999860
1196.00 0.999930
1196.50 1.000000
1197.00 0.999930
1197.50 1.000000
1198.00 0.999790
1198.50 1.000000
1199.00 1.000000
1199.50 1.000000
1200.00 0.999930
