8.610000e+02 4.017051e-26
8.611191e+02 3.072441e-26
8.612381e+02 1.638980e-26
8.613572e+02 -8.310282e-27
8.614762e+02 1.526957e-28
8.615953e+02 2.774591e-26
8.617144e+02 4.576335e-26
8.618334e+02 5.125990e-26
8.619525e+02 2.483863e-26
8.620715e+02 1.493900e-27
8.621906e+02 -1.987940e-26
8.623097e+02 7.355329e-28
8.624287e+02 1.943854e-26
8.625478e+02 1.973563e-26
8.626668e+02 4.818297e-27
8.627859e+02 -2.232097e-26
8.629050e+02 -1.955740e-26
8.630240e+02 -6.347925e-27
8.631431e+02 3.217252e-26
8.632621e+02 4.510260e-26
8.633812e+02 3.404159e-26
8.635003e+02 8.622723e-27
8.636193e+02 -1.211473e-26
8.637384e+02 7.249629e-27
8.638574e+02 2.645407e-26
8.639765e+02 4.545679e-26
8.640955e+02 3.287188e-26
8.642146e+02 1.213214e-26
8.643337e+02 -9.271530e-27
8.644527e+02 -9.808889e-27
8.645718e+02 1.653023e-26
8.646908e+02 2.863705e-26
8.648099e+02 3.237431e-26
8.649290e+02 -7.969937e-27
8.650480e+02 -3.131975e-26
8.651671e+02 -2.875431e-26
8.652861e+02 5.910789e-27
8.654052e+02 5.102161e-26
8.655243e+02 4.291672e-26
8.656433e+02 2.651630e-26
8.657624e+02 -4.530559e-27
8.658814e+02 7.272488e-27
8.660005e+02 3.942018e-26
8.661196e+02 6.843896e-26
8.662386e+02 7.984892e-26
8.663577e+02 5.352151e-26
8.664767e+02 3.300696e-26
8.665958e+02 1.563082e-26
8.667149e+02 5.325337e-26
8.668339e+02 8.510782e-26
8.669530e+02 9.622372e-26
8.670720e+02 8.083476e-26
8.671911e+02 4.765226e-26
8.673102e+02 5.177758e-26
8.674292e+02 6.385947e-26
8.675483e+02 9.104454e-26
8.676673e+02 8.778375e-26
8.677864e+02 6.057074e-26
8.679055e+02 1.822937e-26
8.680245e+02 -1.249245e-26
8.681436e+02 1.148121e-26
8.682626e+02 2.882725e-26
8.683817e+02 4.008532e-26
8.685008e+02 6.401176e-27
8.686198e+02 -3.269444e-26
8.687389e+02 -5.534579e-26
8.688579e+02 -4.401995e-26
8.689770e+02 3.991152e-27
8.690960e+02 2.035767e-26
8.692151e+02 2.370228e-26
8.693342e+02 -1.072644e-26
8.694532e+02 -2.125410e-26
8.695723e+02 -1.485351e-27
8.696913e+02 4.354269e-26
8.698104e+02 9.157031e-26
8.699295e+02 8.427568e-26
8.700485e+02 6.539792e-26
8.701676e+02 2.942858e-26
8.702866e+02 4.265873e-26
8.704057e+02 7.453469e-26
8.705248e+02 1.005193e-25
8.706438e+02 9.840078e-26
8.707629e+02 4.693205e-26
8.708819e+02 2.936168e-26
8.710010e+02 2.783402e-26
8.711201e+02 8.296454e-26
8.712391e+02 1.201888e-25
8.713582e+02 1.193582e-25
8.714772e+02 1.008837e-25
8.715963e+02 7.250038e-26
8.717154e+02 7.488639e-26
8.718344e+02 9.261471e-26
8.719535e+02 1.460528e-25
8.720725e+02 1.403574e-25
8.721916e+02 9.581644e-26
8.723107e+02 5.717247e-26
8.724297e+02 3.825919e-26
8.725488e+02 7.912709e-26
8.726678e+02 1.128684e-25
8.727869e+02 1.412241e-25
8.729060e+02 9.581680e-26
8.730250e+02 4.974426e-26
8.731441e+02 3.815899e-26
8.732631e+02 6.477778e-26
8.733822e+02 1.260706e-25
8.735013e+02 1.282164e-25
8.736203e+02 1.140769e-25
8.737394e+02 7.197717e-26
8.738584e+02 7.202365e-26
8.739775e+02 1.168199e-25
8.740965e+02 1.627005e-25
8.742156e+02 1.983926e-25
8.743347e+02 1.612877e-25
8.744537e+02 1.290825e-25
8.745728e+02 1.030898e-25
8.746918e+02 1.337307e-25
8.748109e+02 1.801065e-25
8.749300e+02 2.096077e-25
8.750490e+02 2.056566e-25
8.751681e+02 1.528425e-25
8.752871e+02 1.233811e-25
8.754062e+02 1.064312e-25
8.755253e+02 1.634684e-25
8.756443e+02 1.909936e-25
8.757634e+02 1.673132e-25
8.758824e+02 1.182204e-25
8.760015e+02 5.791277e-26
8.761206e+02 5.606522e-26
8.762396e+02 7.388126e-26
8.763587e+02 1.317578e-25
8.764777e+02 1.472387e-25
8.765968e+02 1.397702e-25
8.767159e+02 1.261138e-25
8.768349e+02 1.364529e-25
8.769540e+02 2.061425e-25
8.770730e+02 2.371790e-25
8.771921e+02 2.434643e-25
8.773112e+02 1.823192e-25
8.774302e+02 1.319061e-25
8.775493e+02 1.296464e-25
8.776683e+02 1.555048e-25
8.777874e+02 2.028123e-25
8.779065e+02 1.770580e-25
8.780255e+02 1.387326e-25
8.781446e+02 8.738383e-26
8.782636e+02 1.091257e-25
8.783827e+02 1.960367e-25
8.785018e+02 3.005171e-25
8.786208e+02 3.819662e-25
8.787399e+02 3.343234e-25
8.788589e+02 2.954835e-25
8.789780e+02 2.658518e-25
8.790970e+02 3.402169e-25
8.792161e+02 4.266015e-25
8.793352e+02 4.307772e-25
8.794542e+02 3.936230e-25
8.795733e+02 3.060467e-25
8.796923e+02 2.824676e-25
8.798114e+02 2.838848e-25
8.799305e+02 3.454576e-25
8.800495e+02 3.694204e-25
8.801686e+02 3.392238e-25
8.802876e+02 2.884384e-25
8.804067e+02 2.377972e-25
8.805258e+02 3.247876e-25
8.806448e+02 4.002980e-25
8.807639e+02 4.556011e-25
8.808829e+02 4.283157e-25
8.810020e+02 3.638117e-25
8.811211e+02 2.873108e-25
8.812401e+02 2.783701e-25
8.813592e+02 4.055451e-25
8.814782e+02 4.341359e-25
8.815973e+02 4.103101e-25
8.817164e+02 3.269964e-25
8.818354e+02 2.736927e-25
8.819545e+02 2.973090e-25
8.820735e+02 3.876054e-25
8.821926e+02 5.206226e-25
8.823117e+02 5.092480e-25
8.824307e+02 4.722201e-25
8.825498e+02 3.891870e-25
8.826688e+02 4.012014e-25
8.827879e+02 4.841869e-25
8.829070e+02 5.609216e-25
8.830260e+02 5.978035e-25
8.831451e+02 4.905992e-25
8.832641e+02 4.422288e-25
8.833832e+02 4.452925e-25
8.835023e+02 5.687078e-25
8.836213e+02 6.987781e-25
8.837404e+02 7.609765e-25
8.838594e+02 7.603341e-25
8.839785e+02 6.952091e-25
8.840975e+02 7.427811e-25
8.842166e+02 8.230868e-25
8.843357e+02 9.467900e-25
8.844547e+02 9.752722e-25
8.845738e+02 8.892142e-25
8.846928e+02 7.853086e-25
8.848119e+02 6.913259e-25
8.849310e+02 7.430112e-25
8.850500e+02 7.844490e-25
8.851691e+02 8.111963e-25
8.852881e+02 7.277272e-25
8.854072e+02 6.104675e-25
8.855263e+02 5.943048e-25
8.856453e+02 6.384202e-25
8.857644e+02 7.824165e-25
8.858834e+02 8.275077e-25
8.860025e+02 8.287273e-25
8.861216e+02 7.803144e-25
8.862406e+02 7.802866e-25
8.863597e+02 8.758439e-25
8.864787e+02 9.947685e-25
8.865978e+02 1.126760e-24
8.867169e+02 1.099518e-24
8.868359e+02 1.056736e-24
8.869550e+02 9.852422e-25
8.870740e+02 1.048940e-24
8.871931e+02 1.197044e-24
8.873122e+02 1.253872e-24
8.874312e+02 1.269878e-24
8.875503e+02 1.184541e-24
8.876693e+02 1.122636e-24
8.877884e+02 1.077642e-24
8.879075e+02 1.190896e-24
8.880265e+02 1.294438e-24
8.881456e+02 1.298754e-24
8.882646e+02 1.222026e-24
8.883837e+02 1.075335e-24
8.885028e+02 1.176645e-24
8.886218e+02 1.318351e-24
8.887409e+02 1.457327e-24
8.888599e+02 1.507216e-24
8.889790e+02 1.467235e-24
8.890980e+02 1.415491e-24
8.892171e+02 1.391867e-24
8.893362e+02 1.556100e-24
8.894552e+02 1.688458e-24
8.895743e+02 1.782834e-24
8.896933e+02 1.713001e-24
8.898124e+02 1.615402e-24
8.899315e+02 1.683401e-24
8.900505e+02 1.788011e-24
8.901696e+02 1.942852e-24
8.902886e+02 1.957344e-24
8.904077e+02 1.913409e-24
8.905268e+02 1.733852e-24
8.906458e+02 1.674480e-24
8.907649e+02 1.812091e-24
8.908839e+02 1.993104e-24
8.910030e+02 2.186121e-24
8.911221e+02 2.068632e-24
8.912411e+02 1.977891e-24
8.913602e+02 1.940318e-24
8.914792e+02 2.059812e-24
8.915983e+02 2.260811e-24
8.917174e+02 2.380723e-24
8.918364e+02 2.433978e-24
8.919555e+02 2.334558e-24
8.920745e+02 2.308323e-24
8.921936e+02 2.326572e-24
8.923127e+02 2.574093e-24
8.924317e+02 2.751486e-24
8.925508e+02 2.690646e-24
8.926698e+02 2.565959e-24
8.927889e+02 2.394698e-24
8.929080e+02 2.486551e-24
8.930270e+02 2.641759e-24
8.931461e+02 2.917855e-24
8.932651e+02 3.033468e-24
8.933842e+02 3.013503e-24
8.935033e+02 2.985942e-24
8.936223e+02 3.007696e-24
8.937414e+02 3.252323e-24
8.938604e+02 3.436580e-24
8.939795e+02 3.561011e-24
8.940985e+02 3.410912e-24
8.942176e+02 3.238313e-24
8.943367e+02 3.282356e-24
8.944557e+02 3.361214e-24
8.945748e+02 3.480370e-24
8.946938e+02 3.424173e-24
8.948129e+02 3.311812e-24
8.949320e+02 3.137381e-24
8.950510e+02 3.121087e-24
8.951701e+02 3.320449e-24
8.952891e+02 3.565251e-24
8.954082e+02 3.797989e-24
8.955273e+02 3.627055e-24
8.956463e+02 3.516361e-24
8.957654e+02 3.503417e-24
8.958844e+02 3.705001e-24
8.960035e+02 3.993572e-24
8.961226e+02 4.136146e-24
8.962416e+02 4.169146e-24
8.963607e+02 3.993552e-24
8.964797e+02 4.032965e-24
8.965988e+02 4.180913e-24
8.967179e+02 4.395483e-24
8.968369e+02 4.495963e-24
8.969560e+02 4.333987e-24
8.970750e+02 4.197713e-24
8.971941e+02 4.075945e-24
8.973132e+02 4.404666e-24
8.974322e+02 4.766953e-24
8.975513e+02 5.148464e-24
8.976703e+02 5.294623e-24
8.977894e+02 5.274709e-24
8.979085e+02 5.309061e-24
8.980275e+02 5.439706e-24
8.981466e+02 5.875875e-24
8.982656e+02 6.098615e-24
8.983847e+02 6.144316e-24
8.985038e+02 5.901631e-24
8.986228e+02 5.667132e-24
8.987419e+02 5.662459e-24
8.988609e+02 5.782293e-24
8.989800e+02 6.023565e-24
8.990990e+02 6.010492e-24
8.992181e+02 5.946559e-24
8.993372e+02 5.892948e-24
8.994562e+02 6.003134e-24
8.995753e+02 6.300196e-24
8.996943e+02 6.490566e-24
8.998134e+02 6.605137e-24
8.999325e+02 6.331943e-24
9.000515e+02 6.166614e-24
9.001706e+02 6.146644e-24
9.002896e+02 6.410462e-24
9.004087e+02 6.754275e-24
9.005278e+02 6.879399e-24
9.006468e+02 6.898982e-24
9.007659e+02 6.752233e-24
9.008849e+02 6.866673e-24
9.010040e+02 7.093399e-24
9.011231e+02 7.448264e-24
9.012421e+02 7.674574e-24
9.013612e+02 7.658516e-24
9.014802e+02 7.709406e-24
9.015993e+02 7.793555e-24
9.017184e+02 8.380595e-24
9.018374e+02 8.837855e-24
9.019565e+02 8.991799e-24
9.020755e+02 8.925646e-24
9.021946e+02 8.729319e-24
9.023137e+02 8.804394e-24
9.024327e+02 8.992075e-24
9.025518e+02 9.444726e-24
9.026708e+02 9.659282e-24
9.027899e+02 9.709022e-24
9.029090e+02 9.433872e-24
9.030280e+02 9.307122e-24
9.031471e+02 9.777877e-24
9.032661e+02 1.027042e-23
9.033852e+02 1.078203e-23
9.035043e+02 1.077916e-23
9.036233e+02 1.068118e-23
9.037424e+02 1.049880e-23
9.038614e+02 1.066643e-23
9.039805e+02 1.116962e-23
9.040995e+02 1.141423e-23
9.042186e+02 1.154583e-23
9.043377e+02 1.133312e-23
9.044567e+02 1.126542e-23
9.045758e+02 1.136066e-23
9.046948e+02 1.187485e-23
9.048139e+02 1.244806e-23
9.049330e+02 1.260816e-23
9.050520e+02 1.261309e-23
9.051711e+02 1.241396e-23
9.052901e+02 1.266801e-23
9.054092e+02 1.308517e-23
9.055283e+02 1.365891e-23
9.056473e+02 1.394521e-23
9.057664e+02 1.378458e-23
9.058854e+02 1.367694e-23
9.060045e+02 1.361577e-23
9.061236e+02 1.423321e-23
9.062426e+02 1.479095e-23
9.063617e+02 1.523348e-23
9.064807e+02 1.530054e-23
9.065998e+02 1.518565e-23
9.067189e+02 1.544131e-23
9.068379e+02 1.586156e-23
9.069570e+02 1.663419e-23
9.070760e+02 1.701073e-23
9.071951e+02 1.716027e-23
9.073142e+02 1.708487e-23
9.074332e+02 1.720429e-23
9.075523e+02 1.786222e-23
9.076713e+02 1.853188e-23
9.077904e+02 1.921235e-23
9.079095e+02 1.922634e-23
9.080285e+02 1.918142e-23
9.081476e+02 1.913990e-23
9.082666e+02 1.946124e-23
9.083857e+02 2.007492e-23
9.085048e+02 2.030356e-23
9.086238e+02 2.033836e-23
9.087429e+02 1.980049e-23
9.088619e+02 1.982219e-23
9.089810e+02 2.037109e-23
9.091001e+02 2.133821e-23
9.092191e+02 2.228426e-23
9.093382e+02 2.265019e-23
9.094572e+02 2.275378e-23
9.095763e+02 2.256784e-23
9.096953e+02 2.319387e-23
9.098144e+02 2.404315e-23
9.099335e+02 2.498564e-23
9.100525e+02 2.553723e-23
9.101716e+02 2.558126e-23
9.102906e+02 2.581814e-23
9.104097e+02 2.617979e-23
9.105288e+02 2.724471e-23
9.106478e+02 2.809847e-23
9.107669e+02 2.862559e-23
9.108859e+02 2.874079e-23
9.110050e+02 2.872420e-23
9.111241e+02 2.939979e-23
9.112431e+02 3.028579e-23
9.113622e+02 3.154166e-23
9.114812e+02 3.223012e-23
9.116003e+02 3.265214e-23
9.117194e+02 3.269908e-23
9.118384e+02 3.305935e-23
9.119575e+02 3.408746e-23
9.120765e+02 3.513026e-23
9.121956e+02 3.618708e-23
9.123147e+02 3.647659e-23
9.124337e+02 3.680149e-23
9.125528e+02 3.729059e-23
9.126718e+02 3.841294e-23
9.127909e+02 3.996509e-23
9.129100e+02 4.074317e-23
9.130290e+02 4.132972e-23
9.131481e+02 4.150297e-23
9.132671e+02 4.206938e-23
9.133862e+02 4.294763e-23
9.135053e+02 4.438057e-23
9.136243e+02 4.567911e-23
9.137434e+02 4.611352e-23
9.138624e+02 4.659970e-23
9.139815e+02 4.713419e-23
9.141006e+02 4.835039e-23
9.142196e+02 4.968842e-23
9.143387e+02 5.094955e-23
9.144577e+02 5.177428e-23
9.145768e+02 5.212487e-23
9.146958e+02 5.293234e-23
9.148149e+02 5.396389e-23
9.149340e+02 5.574268e-23
9.150530e+02 5.726581e-23
9.151721e+02 5.845906e-23
9.152911e+02 5.899448e-23
9.154102e+02 5.942296e-23
9.155293e+02 6.088204e-23
9.156483e+02 6.267007e-23
9.157674e+02 6.493924e-23
9.158864e+02 6.626696e-23
9.160055e+02 6.725539e-23
9.161246e+02 6.854477e-23
9.162436e+02 7.015023e-23
9.163627e+02 7.229966e-23
9.164817e+02 7.412182e-23
9.166008e+02 7.579555e-23
9.167199e+02 7.636118e-23
9.168389e+02 7.711045e-23
9.169580e+02 7.823866e-23
9.170770e+02 8.008640e-23
9.171961e+02 8.234465e-23
9.173152e+02 8.402718e-23
9.174342e+02 8.555320e-23
9.175533e+02 8.670863e-23
9.176723e+02 8.874339e-23
9.177914e+02 9.136637e-23
9.179105e+02 9.388820e-23
9.180295e+02 9.611210e-23
9.181486e+02 9.739080e-23
9.182676e+02 9.853967e-23
9.183867e+02 9.959031e-23
9.185058e+02 1.021746e-22
9.186248e+02 1.048423e-22
9.187439e+02 1.070040e-22
9.188629e+02 1.084203e-22
9.189820e+02 1.091591e-22
9.191011e+02 1.106557e-22
9.192201e+02 1.124382e-22
9.193392e+02 1.149106e-22
9.194582e+02 1.169067e-22
9.195773e+02 1.183933e-22
9.196963e+02 1.193579e-22
9.198154e+02 1.203570e-22
9.199345e+02 1.224105e-22
9.200535e+02 1.244530e-22
9.201726e+02 1.264765e-22
9.202916e+02 1.274972e-22
9.204107e+02 1.282531e-22
9.205298e+02 1.293793e-22
9.206488e+02 1.310319e-22
9.207679e+02 1.334501e-22
9.208869e+02 1.352629e-22
9.210060e+02 1.367875e-22
9.211251e+02 1.369732e-22
9.212441e+02 1.375909e-22
9.213632e+02 1.389561e-22
9.214822e+02 1.409086e-22
9.216013e+02 1.431267e-22
9.217204e+02 1.441089e-22
9.218394e+02 1.448117e-22
9.219585e+02 1.449355e-22
9.220775e+02 1.462244e-22
9.221966e+02 1.481550e-22
9.223157e+02 1.502140e-22
9.224347e+02 1.517975e-22
9.225538e+02 1.521725e-22
9.226728e+02 1.523892e-22
9.227919e+02 1.525019e-22
9.229110e+02 1.543084e-22
9.230300e+02 1.559657e-22
9.231491e+02 1.567670e-22
9.232681e+02 1.570747e-22
9.233872e+02 1.570049e-22
9.235063e+02 1.579395e-22
9.236253e+02 1.592155e-22
9.237444e+02 1.612969e-22
9.238634e+02 1.625279e-22
9.239825e+02 1.629987e-22
9.241016e+02 1.628567e-22
9.242206e+02 1.629141e-22
9.243397e+02 1.644821e-22
9.244587e+02 1.655959e-22
9.245778e+02 1.662331e-22
9.246968e+02 1.657663e-22
9.248159e+02 1.651066e-22
9.249350e+02 1.649290e-22
9.250540e+02 1.660412e-22
9.251731e+02 1.687363e-22
9.252921e+02 1.702931e-22
9.254112e+02 1.713267e-22
9.255303e+02 1.704957e-22
9.256493e+02 1.702553e-22
9.257684e+02 1.708723e-22
9.258874e+02 1.723980e-22
9.260065e+02 1.741486e-22
9.261256e+02 1.738521e-22
9.262446e+02 1.734765e-22
9.263637e+02 1.729756e-22
9.264827e+02 1.740864e-22
9.266018e+02 1.759141e-22
9.267209e+02 1.771830e-22
9.268399e+02 1.779114e-22
9.269590e+02 1.775448e-22
9.270780e+02 1.776918e-22
9.271971e+02 1.781110e-22
9.273162e+02 1.801856e-22
9.274352e+02 1.818540e-22
9.275543e+02 1.824159e-22
9.276733e+02 1.818262e-22
9.277924e+02 1.804975e-22
9.279115e+02 1.813140e-22
9.280305e+02 1.826604e-22
9.281496e+02 1.851213e-22
9.282686e+02 1.858975e-22
9.283877e+02 1.854109e-22
9.285068e+02 1.846840e-22
9.286258e+02 1.843501e-22
9.287449e+02 1.855954e-22
9.288639e+02 1.863263e-22
9.289830e+02 1.866046e-22
9.291021e+02 1.861860e-22
9.292211e+02 1.857949e-22
9.293402e+02 1.861279e-22
9.294592e+02 1.881068e-22
9.295783e+02 1.917820e-22
9.296973e+02 1.928756e-22
9.298164e+02 1.932433e-22
9.299355e+02 1.927076e-22
9.300545e+02 1.931453e-22
9.301736e+02 1.947593e-22
9.302926e+02 1.971056e-22
9.304117e+02 1.993205e-22
9.305308e+02 1.982281e-22
9.306498e+02 1.975777e-22
9.307689e+02 1.975613e-22
9.308879e+02 1.995458e-22
9.310070e+02 2.021477e-22
9.311261e+02 2.029046e-22
9.312451e+02 2.025504e-22
9.313642e+02 2.003480e-22
9.314832e+02 1.996275e-22
9.316023e+02 1.996006e-22
9.317214e+02 2.023095e-22
9.318404e+02 2.042595e-22
9.319595e+02 2.046864e-22
9.320785e+02 2.042466e-22
9.321976e+02 2.033431e-22
9.323167e+02 2.048877e-22
9.324357e+02 2.065649e-22
9.325548e+02 2.084198e-22
9.326738e+02 2.087593e-22
9.327929e+02 2.081496e-22
9.329120e+02 2.076298e-22
9.330310e+02 2.080757e-22
9.331501e+02 2.113064e-22
9.332691e+02 2.139007e-22
9.333882e+02 2.160326e-22
9.335073e+02 2.158287e-22
9.336263e+02 2.157627e-22
9.337454e+02 2.171465e-22
9.338644e+02 2.194138e-22
9.339835e+02 2.224481e-22
9.341026e+02 2.226430e-22
9.342216e+02 2.223213e-22
9.343407e+02 2.217869e-22
9.344597e+02 2.226372e-22
9.345788e+02 2.248909e-22
9.346978e+02 2.271014e-22
9.348169e+02 2.287742e-22
9.349360e+02 2.271560e-22
9.350550e+02 2.259372e-22
9.351741e+02 2.251972e-22
9.352931e+02 2.283766e-22
9.354122e+02 2.324766e-22
9.355313e+02 2.347270e-22
9.356503e+02 2.355138e-22
9.357694e+02 2.342611e-22
9.358884e+02 2.349982e-22
9.360075e+02 2.366204e-22
9.361266e+02 2.409928e-22
9.362456e+02 2.437099e-22
9.363647e+02 2.436928e-22
9.364837e+02 2.426907e-22
9.366028e+02 2.413610e-22
9.367219e+02 2.446101e-22
9.368409e+02 2.476993e-22
9.369600e+02 2.504491e-22
9.370790e+02 2.504944e-22
9.371981e+02 2.491373e-22
9.373172e+02 2.484740e-22
9.374362e+02 2.491891e-22
9.375553e+02 2.530959e-22
9.376743e+02 2.558194e-22
9.377934e+02 2.578262e-22
9.379125e+02 2.575332e-22
9.380315e+02 2.580247e-22
9.381506e+02 2.611319e-22
9.382696e+02 2.643671e-22
9.383887e+02 2.677039e-22
9.385078e+02 2.672686e-22
9.386268e+02 2.663987e-22
9.387459e+02 2.654539e-22
9.388649e+02 2.675363e-22
9.389840e+02 2.721952e-22
9.391031e+02 2.766865e-22
9.392221e+02 2.803256e-22
9.393412e+02 2.801808e-22
9.394602e+02 2.803945e-22
9.395793e+02 2.809651e-22
9.396983e+02 2.856912e-22
9.398174e+02 2.907610e-22
9.399365e+02 2.924283e-22
9.400555e+02 2.931273e-22
9.401746e+02 2.926968e-22
9.402936e+02 2.955592e-22
9.404127e+02 2.995496e-22
9.405318e+02 3.052538e-22
9.406508e+02 3.087146e-22
9.407699e+02 3.090917e-22
9.408889e+02 3.096613e-22
9.410080e+02 3.106406e-22
9.411271e+02 3.164701e-22
9.412461e+02 3.227626e-22
9.413652e+02 3.297607e-22
9.414842e+02 3.325366e-22
9.416033e+02 3.335739e-22
9.417224e+02 3.356190e-22
9.418414e+02 3.393804e-22
9.419605e+02 3.463924e-22
9.420795e+02 3.505502e-22
9.421986e+02 3.532811e-22
9.423177e+02 3.514353e-22
9.424367e+02 3.509254e-22
9.425558e+02 3.536240e-22
9.426748e+02 3.583566e-22
9.427939e+02 3.643337e-22
9.429130e+02 3.646846e-22
9.430320e+02 3.647223e-22
9.431511e+02 3.647664e-22
9.432701e+02 3.681367e-22
9.433892e+02 3.738816e-22
9.435083e+02 3.772364e-22
9.436273e+02 3.792791e-22
9.437464e+02 3.776350e-22
9.438654e+02 3.781341e-22
9.439845e+02 3.804228e-22
9.441036e+02 3.885610e-22
9.442226e+02 3.965530e-22
9.443417e+02 3.998413e-22
9.444607e+02 4.009205e-22
9.445798e+02 3.998356e-22
9.446988e+02 4.034928e-22
9.448179e+02 4.085042e-22
9.449370e+02 4.155057e-22
9.450560e+02 4.198469e-22
9.451751e+02 4.211306e-22
9.452941e+02 4.198445e-22
9.454132e+02 4.186917e-22
9.455323e+02 4.243859e-22
9.456513e+02 4.288490e-22
9.457704e+02 4.316421e-22
9.458894e+02 4.319582e-22
9.460085e+02 4.316938e-22
9.461276e+02 4.348861e-22
9.462466e+02 4.400297e-22
9.463657e+02 4.482375e-22
9.464847e+02 4.516173e-22
9.466038e+02 4.528933e-22
9.467229e+02 4.503727e-22
9.468419e+02 4.501812e-22
9.469610e+02 4.543793e-22
9.470800e+02 4.599309e-22
9.471991e+02 4.661819e-22
9.473182e+02 4.652937e-22
9.474372e+02 4.645314e-22
9.475563e+02 4.642108e-22
9.476753e+02 4.686611e-22
9.477944e+02 4.759503e-22
9.479135e+02 4.823194e-22
9.480325e+02 4.864260e-22
9.481516e+02 4.844700e-22
9.482706e+02 4.866593e-22
9.483897e+02 4.917486e-22
9.485088e+02 5.022447e-22
9.486278e+02 5.112599e-22
9.487469e+02 5.134123e-22
9.488659e+02 5.132359e-22
9.489850e+02 5.111414e-22
9.491041e+02 5.166345e-22
9.492231e+02 5.231710e-22
9.493422e+02 5.292925e-22
9.494612e+02 5.317394e-22
9.495803e+02 5.306480e-22
9.496993e+02 5.314947e-22
9.498184e+02 5.338843e-22
9.499375e+02 5.426687e-22
9.500565e+02 5.504843e-22
9.501756e+02 5.571978e-22
9.502946e+02 5.558939e-22
9.504137e+02 5.533664e-22
9.505328e+02 5.578631e-22
9.506518e+02 5.644997e-22
9.507709e+02 5.739476e-22
9.508899e+02 5.763037e-22
9.510090e+02 5.761988e-22
9.511281e+02 5.745392e-22
9.512471e+02 5.769333e-22
9.513662e+02 5.856333e-22
9.514852e+02 5.949774e-22
9.516043e+02 6.042717e-22
9.517234e+02 6.037897e-22
9.518424e+02 6.051814e-22
9.519615e+02 6.100310e-22
9.520805e+02 6.212995e-22
9.521996e+02 6.357596e-22
9.523187e+02 6.444241e-22
9.524377e+02 6.501911e-22
9.525568e+02 6.495766e-22
9.526758e+02 6.539157e-22
9.527949e+02 6.611447e-22
9.529140e+02 6.731666e-22
9.530330e+02 6.827798e-22
9.531521e+02 6.852799e-22
9.532711e+02 6.848312e-22
9.533902e+02 6.823458e-22
9.535093e+02 6.915114e-22
9.536283e+02 7.024015e-22
9.537474e+02 7.152663e-22
9.538664e+02 7.221693e-22
9.539855e+02 7.242693e-22
9.541046e+02 7.269871e-22
9.542236e+02 7.323626e-22
9.543427e+02 7.482194e-22
9.544617e+02 7.597976e-22
9.545808e+02 7.673322e-22
9.546998e+02 7.667660e-22
9.548189e+02 7.658754e-22
9.549380e+02 7.718533e-22
9.550570e+02 7.787456e-22
9.551761e+02 7.866463e-22
9.552951e+02 7.952458e-22
9.554142e+02 8.039438e-22
9.555333e+02 8.116959e-22
9.556523e+02 8.196408e-22
9.557714e+02 8.278168e-22
9.558904e+02 8.357229e-22
9.560095e+02 8.434224e-22
9.561286e+02 8.492757e-22
9.562476e+02 8.542363e-22
9.563667e+02 8.578178e-22
9.564857e+02 8.607387e-22
9.566048e+02 8.635146e-22
9.567239e+02 8.690729e-22
9.568429e+02 8.743315e-22
9.569620e+02 8.790240e-22
9.570810e+02 8.846341e-22
9.572001e+02 8.907026e-22
9.573192e+02 8.986429e-22
9.574382e+02 9.078197e-22
9.575573e+02 9.195721e-22
9.576763e+02 9.297899e-22
9.577954e+02 9.391720e-22
9.579145e+02 9.495872e-22
9.580335e+02 9.601998e-22
9.581526e+02 9.710758e-22
9.582716e+02 9.812957e-22
9.583907e+02 9.911025e-22
9.585098e+02 1.002119e-21
9.586288e+02 1.013514e-21
9.587479e+02 1.025591e-21
9.588669e+02 1.037494e-21
9.589860e+02 1.049283e-21
9.591051e+02 1.059104e-21
9.592241e+02 1.068355e-21
9.593432e+02 1.076203e-21
9.594622e+02 1.084606e-21
9.595813e+02 1.093531e-21
9.597004e+02 1.104347e-21
9.598194e+02 1.115241e-21
9.599385e+02 1.124387e-21
9.600575e+02 1.134164e-21
9.601766e+02 1.144623e-21
9.602956e+02 1.157615e-21
9.604147e+02 1.171650e-21
9.605338e+02 1.188130e-21
9.606528e+02 1.202700e-21
9.607719e+02 1.214793e-21
9.608909e+02 1.227548e-21
9.610100e+02 1.240903e-21
9.611291e+02 1.257834e-21
9.612481e+02 1.271375e-21
9.613672e+02 1.279762e-21
9.614862e+02 1.291640e-21
9.616053e+02 1.305109e-21
9.617244e+02 1.322526e-21
9.618434e+02 1.340293e-21
9.619625e+02 1.358550e-21
9.620815e+02 1.372311e-21
9.622006e+02 1.384036e-21
9.623197e+02 1.397747e-21
9.624387e+02 1.412176e-21
9.625578e+02 1.427985e-21
9.626768e+02 1.446404e-21
9.627959e+02 1.466360e-21
9.629150e+02 1.485572e-21
9.630340e+02 1.505339e-21
9.631531e+02 1.526314e-21
9.632721e+02 1.551435e-21
9.633912e+02 1.579392e-21
9.635103e+02 1.608727e-21
9.636293e+02 1.640287e-21
9.637484e+02 1.677826e-21
9.638674e+02 1.719601e-21
9.639865e+02 1.764784e-21
9.641056e+02 1.816508e-21
9.642246e+02 1.871193e-21
9.643437e+02 1.932686e-21
9.644627e+02 1.994079e-21
9.645818e+02 2.055447e-21
9.647009e+02 2.109394e-21
9.648199e+02 2.158171e-21
9.649390e+02 2.185964e-21
9.650580e+02 2.197331e-21
9.651771e+02 2.191091e-21
9.652961e+02 2.174645e-21
9.654152e+02 2.155490e-21
9.655343e+02 2.135970e-21
9.656533e+02 2.116959e-21
9.657724e+02 2.098666e-21
9.658914e+02 2.088212e-21
9.660105e+02 2.080915e-21
9.661296e+02 2.082769e-21
9.662486e+02 2.086059e-21
9.663677e+02 2.091488e-21
9.664867e+02 2.096572e-21
9.666058e+02 2.101832e-21
9.667249e+02 2.113374e-21
9.668439e+02 2.127632e-21
9.669630e+02 2.146555e-21
9.670820e+02 2.166303e-21
9.672011e+02 2.186433e-21
9.673202e+02 2.197582e-21
9.674392e+02 2.209877e-21
9.675583e+02 2.224478e-21
9.676773e+02 2.242180e-21
9.677964e+02 2.261646e-21
9.679155e+02 2.282094e-21
9.680345e+02 2.302971e-21
9.681536e+02 2.324605e-21
9.682726e+02 2.349560e-21
9.683917e+02 2.376754e-21
9.685108e+02 2.406218e-21
9.686298e+02 2.431958e-21
9.687489e+02 2.445425e-21
9.688679e+02 2.463271e-21
9.689870e+02 2.484502e-21
9.691061e+02 2.507929e-21
9.692251e+02 2.530952e-21
9.693442e+02 2.550979e-21
9.694632e+02 2.569420e-21
9.695823e+02 2.586445e-21
9.697014e+02 2.611322e-21
9.698204e+02 2.637130e-21
9.699395e+02 2.660056e-21
9.700585e+02 2.679813e-21
9.701776e+02 2.696224e-21
9.702966e+02 2.716370e-21
9.704157e+02 2.738052e-21
9.705348e+02 2.763490e-21
9.706538e+02 2.787567e-21
9.707729e+02 2.809920e-21
9.708919e+02 2.834127e-21
9.710110e+02 2.858888e-21
9.711301e+02 2.882500e-21
9.712491e+02 2.907269e-21
9.713682e+02 2.933635e-21
9.714872e+02 2.962534e-21
9.716063e+02 2.992341e-21
9.717254e+02 3.019050e-21
9.718444e+02 3.048373e-21
9.719635e+02 3.082002e-21
9.720825e+02 3.118862e-21
9.722016e+02 3.157320e-21
9.723207e+02 3.193064e-21
9.724397e+02 3.230280e-21
9.725588e+02 3.270152e-21
9.726778e+02 3.307964e-21
9.727969e+02 3.344822e-21
9.729160e+02 3.392173e-21
9.730350e+02 3.457551e-21
9.731541e+02 3.536775e-21
9.732731e+02 3.616373e-21
9.733922e+02 3.614493e-21
9.735113e+02 3.713343e-21
9.736303e+02 3.740113e-21
9.737494e+02 3.785291e-21
9.738684e+02 3.840069e-21
9.739875e+02 3.941441e-21
9.741066e+02 3.961049e-21
9.742256e+02 4.042641e-21
9.743447e+02 4.072653e-21
9.744637e+02 4.113009e-21
9.745828e+02 4.209511e-21
9.747019e+02 4.228676e-21
9.748209e+02 4.326103e-21
9.749400e+02 4.431166e-21
9.750590e+02 4.511994e-21
9.751781e+02 4.637803e-21
9.752971e+02 4.641156e-21
9.754162e+02 4.666718e-21
9.755353e+02 4.818301e-21
9.756543e+02 4.966361e-21
9.757734e+02 4.973263e-21
9.758924e+02 4.982131e-21
9.760115e+02 5.018164e-21
9.761306e+02 5.329683e-21
9.762496e+02 5.344806e-21
9.763687e+02 5.349694e-21
9.764877e+02 5.428820e-21
9.766068e+02 5.544140e-21
9.767259e+02 5.702252e-21
9.768449e+02 5.752756e-21
9.769640e+02 5.913928e-21
9.770830e+02 5.953844e-21
9.772021e+02 6.160345e-21
9.773212e+02 6.175331e-21
9.774402e+02 6.220283e-21
9.775593e+02 6.374580e-21
9.776783e+02 6.549956e-21
9.777974e+02 6.562137e-21
9.779165e+02 6.571610e-21
9.780355e+02 6.613504e-21
9.781546e+02 6.736873e-21
9.782736e+02 6.964676e-21
9.783927e+02 6.968430e-21
9.785118e+02 7.026997e-21
9.786308e+02 7.135352e-21
9.787499e+02 7.313507e-21
9.788689e+02 7.332807e-21
9.789880e+02 7.376565e-21
9.791071e+02 7.397077e-21
9.792261e+02 7.541540e-21
9.793452e+02 7.564174e-21
9.794642e+02 7.575252e-21
9.795833e+02 7.599002e-21
9.797024e+02 7.738531e-21
9.798214e+02 7.735096e-21
9.799405e+02 7.739625e-21
9.800595e+02 7.744264e-21
9.801786e+02 7.756052e-21
9.802976e+02 7.811397e-21
9.804167e+02 7.797133e-21
9.805358e+02 7.733751e-21
9.806548e+02 7.728804e-21
9.807739e+02 7.721663e-21
9.808929e+02 7.685058e-21
9.810120e+02 7.646571e-21
9.811311e+02 7.624824e-21
9.812501e+02 7.620685e-21
9.813692e+02 7.511365e-21
9.814882e+02 7.471295e-21
9.816073e+02 7.454106e-21
9.817264e+02 7.396962e-21
9.818454e+02 7.374061e-21
9.819645e+02 7.292891e-21
9.820835e+02 7.255962e-21
9.822026e+02 7.235594e-21
9.823217e+02 7.199848e-21
9.824407e+02 7.070810e-21
9.825598e+02 7.009625e-21
9.826788e+02 6.878880e-21
9.827979e+02 6.870299e-21
9.829170e+02 6.868698e-21
9.830360e+02 6.761351e-21
9.831551e+02 6.691825e-21
9.832741e+02 6.684085e-21
9.833932e+02 6.672015e-21
9.835123e+02 6.598204e-21
9.836313e+02 6.559413e-21
9.837504e+02 6.456541e-21
9.838694e+02 6.452213e-21
9.839885e+02 6.440657e-21
9.841076e+02 6.369291e-21
9.842266e+02 6.307867e-21
9.843457e+02 6.273952e-21
9.844647e+02 6.260189e-21
9.845838e+02 6.244689e-21
9.847029e+02 6.200732e-21
9.848219e+02 6.155262e-21
9.849410e+02 6.136200e-21
9.850600e+02 6.116933e-21
9.851791e+02 6.087787e-21
9.852981e+02 6.070720e-21
9.854172e+02 6.030628e-21
9.855363e+02 6.002407e-21
9.856553e+02 5.992086e-21
9.857744e+02 5.987422e-21
9.858934e+02 5.950569e-21
9.860125e+02 5.930186e-21
9.861316e+02 5.907149e-21
9.862506e+02 5.901907e-21
9.863697e+02 5.882334e-21
9.864887e+02 5.856167e-21
9.866078e+02 5.836221e-21
9.867269e+02 5.826407e-21
9.868459e+02 5.817373e-21
9.869650e+02 5.784875e-21
9.870840e+02 5.768373e-21
9.872031e+02 5.759344e-21
9.873222e+02 5.759346e-21
9.874412e+02 5.749443e-21
9.875603e+02 5.731374e-21
9.876793e+02 5.702302e-21
9.877984e+02 5.692376e-21
9.879175e+02 5.670600e-21
9.880365e+02 5.655700e-21
9.881556e+02 5.648492e-21
9.882746e+02 5.646260e-21
9.883937e+02 5.636389e-21
9.885128e+02 5.612876e-21
9.886318e+02 5.593027e-21
9.887509e+02 5.578225e-21
9.888699e+02 5.579192e-21
9.889890e+02 5.564182e-21
9.891081e+02 5.543582e-21
9.892271e+02 5.529428e-21
9.893462e+02 5.523273e-21
9.894652e+02 5.463743e-21
9.895843e+02 5.459017e-21
9.897034e+02 5.454764e-21
9.898224e+02 5.445350e-21
9.899415e+02 5.400696e-21
9.900605e+02 5.385783e-21
9.901796e+02 5.372886e-21
9.902986e+02 5.357038e-21
9.904177e+02 5.301311e-21
9.905368e+02 5.265535e-21
9.906558e+02 5.255541e-21
9.907749e+02 5.249229e-21
9.908939e+02 5.231042e-21
9.910130e+02 5.212566e-21
9.911321e+02 5.173819e-21
9.912511e+02 5.149658e-21
9.913702e+02 5.094050e-21
9.914892e+02 5.057297e-21
9.916083e+02 5.037330e-21
9.917274e+02 5.028001e-21
9.918464e+02 5.013255e-21
9.919655e+02 4.986805e-21
9.920845e+02 4.968520e-21
9.922036e+02 4.954886e-21
9.923227e+02 4.934792e-21
9.924417e+02 4.881959e-21
9.925608e+02 4.830242e-21
9.926798e+02 4.814557e-21
9.927989e+02 4.790166e-21
9.929180e+02 4.694248e-21
9.930370e+02 4.660732e-21
9.931561e+02 4.650349e-21
9.932751e+02 4.638271e-21
9.933942e+02 4.607193e-21
9.935133e+02 4.567647e-21
9.936323e+02 4.547175e-21
9.937514e+02 4.540531e-21
9.938704e+02 4.531344e-21
9.939895e+02 4.475806e-21
9.941086e+02 4.404639e-21
9.942276e+02 4.368393e-21
9.943467e+02 4.354514e-21
9.944657e+02 4.335960e-21
9.945848e+02 4.308206e-21
9.947039e+02 4.299451e-21
9.948229e+02 4.262547e-21
9.949420e+02 4.248471e-21
9.950610e+02 4.234742e-21
9.951801e+02 4.218772e-21
9.952991e+02 4.207861e-21
9.954182e+02 4.165171e-21
9.955373e+02 4.152085e-21
9.956563e+02 4.144488e-21
9.957754e+02 4.133653e-21
9.958944e+02 4.112501e-21
9.960135e+02 4.081598e-21
9.961326e+02 4.073465e-21
9.962516e+02 4.065214e-21
9.963707e+02 4.054256e-21
9.964897e+02 4.037000e-21
9.966088e+02 4.001445e-21
9.967279e+02 3.997652e-21
9.968469e+02 3.983143e-21
9.969660e+02 3.960106e-21
9.970850e+02 3.954550e-21
9.972041e+02 3.948934e-21
9.973232e+02 3.934295e-21
9.974422e+02 3.901211e-21
9.975613e+02 3.886580e-21
9.976803e+02 3.881962e-21
9.977994e+02 3.875132e-21
9.979185e+02 3.856797e-21
9.980375e+02 3.839454e-21
9.981566e+02 3.834457e-21
9.982756e+02 3.824751e-21
9.983947e+02 3.796254e-21
9.985138e+02 3.792416e-21
9.986328e+02 3.788654e-21
9.987519e+02 3.785228e-21
9.988709e+02 3.769188e-21
9.989900e+02 3.756630e-21
9.991091e+02 3.748035e-21
9.992281e+02 3.735338e-21
9.993472e+02 3.720428e-21
9.994662e+02 3.704230e-21
9.995853e+02 3.694336e-21
9.997044e+02 3.694019e-21
9.998234e+02 3.687706e-21
9.999425e+02 3.676846e-21
1.000062e+03 3.661366e-21
1.000181e+03 3.637723e-21
1.000300e+03 3.626619e-21
1.000419e+03 3.618166e-21
1.000538e+03 3.618614e-21
1.000657e+03 3.612674e-21
1.000776e+03 3.602608e-21
1.000895e+03 3.585778e-21
1.001014e+03 3.580816e-21
1.001133e+03 3.576178e-21
1.001252e+03 3.569479e-21
1.001371e+03 3.563340e-21
1.001490e+03 3.559114e-21
1.001609e+03 3.553485e-21
1.001728e+03 3.554241e-21
1.001847e+03 3.542864e-21
1.001966e+03 3.521536e-21
1.002086e+03 3.521424e-21
1.002205e+03 3.521424e-21
1.002324e+03 3.520980e-21
1.002443e+03 3.515828e-21
1.002562e+03 3.516135e-21
1.002681e+03 3.512188e-21
1.002800e+03 3.506637e-21
1.002919e+03 3.496379e-21
1.003038e+03 3.491793e-21
1.003157e+03 3.483656e-21
1.003276e+03 3.483702e-21
1.003395e+03 3.483702e-21
1.003514e+03 3.483702e-21
1.003633e+03 3.483702e-21
1.003752e+03 3.482859e-21
1.003871e+03 3.472484e-21
1.003990e+03 3.467427e-21
1.004110e+03 3.467443e-21
1.004229e+03 3.467443e-21
1.004348e+03 3.467443e-21
1.004467e+03 3.467443e-21
1.004586e+03 3.467443e-21
1.004705e+03 3.467443e-21
1.004824e+03 3.467443e-21
1.004943e+03 3.467443e-21
1.005062e+03 3.467443e-21
1.005181e+03 3.467443e-21
1.005300e+03 3.467443e-21
1.005419e+03 3.467443e-21
1.005538e+03 3.467443e-21
1.005657e+03 3.467396e-21
1.005776e+03 3.470379e-21
1.005895e+03 3.478204e-21
1.006015e+03 3.483980e-21
1.006134e+03 3.483702e-21
1.006253e+03 3.483702e-21
1.006372e+03 3.483702e-21
1.006491e+03 3.483672e-21
1.006610e+03 3.486011e-21
1.006729e+03 3.495479e-21
1.006848e+03 3.505295e-21
1.006967e+03 3.511745e-21
1.007086e+03 3.516149e-21
1.007205e+03 3.515766e-21
1.007324e+03 3.520657e-21
1.007443e+03 3.521143e-21
1.007562e+03 3.526789e-21
1.007681e+03 3.530820e-21
1.007800e+03 3.538093e-21
1.007919e+03 3.549471e-21
1.008039e+03 3.553780e-21
1.008158e+03 3.559308e-21
1.008277e+03 3.559145e-21
1.008396e+03 3.559145e-21
1.008515e+03 3.559588e-21
1.008634e+03 3.564401e-21
1.008753e+03 3.569686e-21
1.008872e+03 3.581259e-21
1.008991e+03 3.590135e-21
1.009110e+03 3.596996e-21
1.009229e+03 3.602685e-21
1.009348e+03 3.608393e-21
1.009467e+03 3.613406e-21
1.009586e+03 3.618269e-21
1.009705e+03 3.623294e-21
1.009824e+03 3.625297e-21
1.009943e+03 3.627448e-21
1.010063e+03 3.632230e-21
1.010182e+03 3.630959e-21
1.010301e+03 3.654141e-21
1.010420e+03 3.658825e-21
1.010539e+03 3.661651e-21
1.010658e+03 3.661578e-21
1.010777e+03 3.661578e-21
1.010896e+03 3.661416e-21
1.011015e+03 3.666944e-21
1.011134e+03 3.671577e-21
1.011253e+03 3.679708e-21
1.011372e+03 3.686378e-21
1.011491e+03 3.693991e-21
1.011610e+03 3.699558e-21
1.011729e+03 3.699013e-21
1.011848e+03 3.706706e-21
1.011967e+03 3.711664e-21
1.012087e+03 3.715678e-21
1.012206e+03 3.720961e-21
1.012325e+03 3.725549e-21
1.012444e+03 3.729885e-21
1.012563e+03 3.731368e-21
1.012682e+03 3.740246e-21
1.012801e+03 3.750721e-21
1.012920e+03 3.762157e-21
1.013039e+03 3.764174e-21
1.013158e+03 3.764012e-21
1.013277e+03 3.763923e-21
1.013396e+03 3.766390e-21
1.013515e+03 3.769490e-21
1.013634e+03 3.769214e-21
1.013753e+03 3.774547e-21
1.013872e+03 3.790996e-21
1.013991e+03 3.798717e-21
1.014111e+03 3.802223e-21
1.014230e+03 3.807327e-21
1.014349e+03 3.812720e-21
1.014468e+03 3.816921e-21
1.014587e+03 3.828987e-21
1.014706e+03 3.828647e-21
1.014825e+03 3.835132e-21
1.014944e+03 3.840800e-21
1.015063e+03 3.845364e-21
1.015182e+03 3.850290e-21
1.015301e+03 3.855555e-21
1.015420e+03 3.858785e-21
1.015539e+03 3.861149e-21
1.015658e+03 3.861079e-21
1.015777e+03 3.861079e-21
1.015896e+03 3.861079e-21
1.016016e+03 3.861079e-21
1.016135e+03 3.861079e-21
1.016254e+03 3.861079e-21
1.016373e+03 3.861079e-21
1.016492e+03 3.861079e-21
1.016611e+03 3.861079e-21
1.016730e+03 3.861079e-21
1.016849e+03 3.861079e-21
1.016968e+03 3.861079e-21
1.017087e+03 3.861079e-21
1.017206e+03 3.861079e-21
1.017325e+03 3.861079e-21
1.017444e+03 3.861079e-21
1.017563e+03 3.861079e-21
1.017682e+03 3.860773e-21
1.017801e+03 3.855691e-21
1.017920e+03 3.850828e-21
1.018040e+03 3.846579e-21
1.018159e+03 3.844982e-21
1.018278e+03 3.844982e-21
1.018397e+03 3.844982e-21
1.018516e+03 3.844171e-21
1.018635e+03 3.839617e-21
1.018754e+03 3.833939e-21
1.018873e+03 3.829806e-21
1.018992e+03 3.828723e-21
1.019111e+03 3.828131e-21
1.019230e+03 3.823358e-21
1.019349e+03 3.818027e-21
1.019468e+03 3.813866e-21
1.019587e+03 3.810080e-21
1.019706e+03 3.806393e-21
1.019825e+03 3.792521e-21
1.019944e+03 3.789556e-21
1.020064e+03 3.785152e-21
1.020183e+03 3.780271e-21
1.020302e+03 3.774916e-21
1.020421e+03 3.768107e-21
1.020540e+03 3.761684e-21
1.020659e+03 3.755527e-21
1.020778e+03 3.742477e-21
1.020897e+03 3.731910e-21
1.021016e+03 3.731708e-21
1.021135e+03 3.728657e-21
1.021254e+03 3.720698e-21
1.021373e+03 3.710182e-21
1.021492e+03 3.699958e-21
1.021611e+03 3.699300e-21
1.021730e+03 3.699695e-21
1.021849e+03 3.690445e-21
1.021968e+03 3.688569e-21
1.022088e+03 3.688039e-21
1.022207e+03 3.683096e-21
1.022326e+03 3.677987e-21
1.022445e+03 3.677838e-21
1.022564e+03 3.677838e-21
1.022683e+03 3.676672e-21
1.022802e+03 3.666588e-21
1.022921e+03 3.661862e-21
1.023040e+03 3.657447e-21
1.023159e+03 3.658193e-21
1.023278e+03 3.661131e-21
1.023397e+03 3.655924e-21
1.023516e+03 3.655212e-21
1.023635e+03 3.650847e-21
1.023754e+03 3.645333e-21
1.023873e+03 3.643160e-21
1.023992e+03 3.642718e-21
1.024112e+03 3.642718e-21
1.024231e+03 3.642592e-21
1.024350e+03 3.650992e-21
1.024469e+03 3.655318e-21
1.024588e+03 3.656213e-21
1.024707e+03 3.656213e-21
1.024826e+03 3.656213e-21
1.024945e+03 3.655920e-21
1.025064e+03 3.660643e-21
1.025183e+03 3.663515e-21
1.025302e+03 3.689070e-21
1.025421e+03 3.688500e-21
1.025540e+03 3.692271e-21
1.025659e+03 3.699564e-21
1.025778e+03 3.699300e-21
1.025897e+03 3.699145e-21
1.026017e+03 3.702760e-21
1.026136e+03 3.710145e-21
1.026255e+03 3.721313e-21
1.026374e+03 3.726453e-21
1.026493e+03 3.726012e-21
1.026612e+03 3.733209e-21
1.026731e+03 3.740572e-21
1.026850e+03 3.748078e-21
1.026969e+03 3.753237e-21
1.027088e+03 3.757243e-21
1.027207e+03 3.763962e-21
1.027326e+03 3.779991e-21
1.027445e+03 3.784954e-21
1.027564e+03 3.790374e-21
1.027683e+03 3.798265e-21
1.027802e+03 3.807247e-21
1.027921e+03 3.817737e-21
1.028041e+03 3.827011e-21
1.028160e+03 3.833408e-21
1.028279e+03 3.842296e-21
1.028398e+03 3.856179e-21
1.028517e+03 3.861079e-21
1.028636e+03 3.865430e-21
1.028755e+03 3.871330e-21
1.028874e+03 3.894469e-21
1.028993e+03 3.897900e-21
1.029112e+03 3.900027e-21
1.029231e+03 3.904531e-21
1.029350e+03 3.909695e-21
1.029469e+03 3.914259e-21
1.029588e+03 3.918412e-21
1.029707e+03 3.921463e-21
1.029826e+03 3.926049e-21
1.029945e+03 3.931349e-21
1.030065e+03 3.931156e-21
1.030184e+03 3.931156e-21
1.030303e+03 3.931156e-21
1.030422e+03 3.931156e-21
1.030541e+03 3.931156e-21
1.030660e+03 3.931156e-21
1.030779e+03 3.931156e-21
1.030898e+03 3.931156e-21
1.031017e+03 3.931156e-21
1.031136e+03 3.931156e-21
1.031255e+03 3.931156e-21
1.031374e+03 3.931156e-21
1.031493e+03 3.931297e-21
1.031612e+03 3.927424e-21
1.031731e+03 3.921772e-21
1.031850e+03 3.914899e-21
1.031969e+03 3.915060e-21
1.032089e+03 3.915185e-21
1.032208e+03 3.911299e-21
1.032327e+03 3.909868e-21
1.032446e+03 3.904649e-21
1.032565e+03 3.898703e-21
1.032684e+03 3.891674e-21
1.032803e+03 3.885461e-21
1.032922e+03 3.877196e-21
1.033041e+03 3.877338e-21
1.033160e+03 3.872027e-21
1.033279e+03 3.864144e-21
1.033398e+03 3.855864e-21
1.033517e+03 3.844820e-21
1.033636e+03 3.840507e-21
1.033755e+03 3.834365e-21
1.033874e+03 3.826581e-21
1.033993e+03 3.817667e-21
1.034113e+03 3.814976e-21
1.034232e+03 3.806250e-21
1.034351e+03 3.790663e-21
1.034470e+03 3.781418e-21
1.034589e+03 3.771039e-21
1.034708e+03 3.762549e-21
1.034827e+03 3.750066e-21
1.034946e+03 3.750965e-21
1.035065e+03 3.743280e-21
1.035184e+03 3.735388e-21
1.035303e+03 3.727849e-21
1.035422e+03 3.714042e-21
1.035541e+03 3.700226e-21
1.035660e+03 3.673948e-21
1.035779e+03 3.665474e-21
1.035898e+03 3.660623e-21
1.036018e+03 3.650156e-21
1.036137e+03 3.638420e-21
1.036256e+03 3.625852e-21
1.036375e+03 3.615808e-21
1.036494e+03 3.603249e-21
1.036613e+03 3.581928e-21
1.036732e+03 3.568403e-21
1.036851e+03 3.559076e-21
1.036970e+03 3.554138e-21
1.037089e+03 3.530903e-21
1.037208e+03 3.513163e-21
1.037327e+03 3.501346e-21
1.037446e+03 3.491458e-21
1.037565e+03 3.486507e-21
1.037684e+03 3.464088e-21
1.037803e+03 3.450889e-21
1.037922e+03 3.446346e-21
1.038042e+03 3.426479e-21
1.038161e+03 3.404831e-21
1.038280e+03 3.384797e-21
1.038399e+03 3.372652e-21
1.038518e+03 3.373638e-21
1.038637e+03 3.359033e-21
1.038756e+03 3.346571e-21
1.038875e+03 3.335344e-21
1.038994e+03 3.327250e-21
1.039113e+03 3.322538e-21
1.039232e+03 3.298900e-21
1.039351e+03 3.288949e-21
1.039470e+03 3.284205e-21
1.039589e+03 3.276047e-21
1.039708e+03 3.266229e-21
1.039827e+03 3.249858e-21
1.039946e+03 3.239035e-21
1.040066e+03 3.217634e-21
1.040185e+03 3.206950e-21
1.040304e+03 3.201506e-21
1.040423e+03 3.197200e-21
1.040542e+03 3.193206e-21
1.040661e+03 3.176728e-21
1.040780e+03 3.160957e-21
1.040899e+03 3.149678e-21
1.041018e+03 3.136749e-21
1.041137e+03 3.122019e-21
1.041256e+03 3.113174e-21
1.041375e+03 3.103157e-21
1.041494e+03 3.101323e-21
1.041613e+03 3.091965e-21
1.041732e+03 3.087321e-21
1.041851e+03 3.084107e-21
1.041970e+03 3.079098e-21
1.042090e+03 3.068986e-21
1.042209e+03 3.059455e-21
1.042328e+03 3.057548e-21
1.042447e+03 3.057548e-21
1.042566e+03 3.057634e-21
1.042685e+03 3.047004e-21
1.042804e+03 3.046817e-21
1.042923e+03 3.046817e-21
1.043042e+03 3.045964e-21
1.043161e+03 3.025540e-21
1.043280e+03 3.018096e-21
1.043399e+03 3.014298e-21
1.043518e+03 3.014461e-21
1.043637e+03 3.014461e-21
1.043756e+03 3.014461e-21
1.043875e+03 3.014461e-21
1.043994e+03 3.014786e-21
1.044114e+03 3.003937e-21
1.044233e+03 2.987314e-21
1.044352e+03 2.985969e-21
1.044471e+03 2.983521e-21
1.044590e+03 2.979437e-21
1.044709e+03 2.979504e-21
1.044828e+03 2.978740e-21
1.044947e+03 2.973680e-21
1.045066e+03 2.974184e-21
1.045185e+03 2.965426e-21
1.045304e+03 2.961159e-21
1.045423e+03 2.957705e-21
1.045542e+03 2.957879e-21
1.045661e+03 2.957916e-21
1.045780e+03 2.955816e-21
1.045899e+03 2.955113e-21
1.046019e+03 2.954537e-21
1.046138e+03 2.949872e-21
1.046257e+03 2.944405e-21
1.046376e+03 2.940520e-21
1.046495e+03 2.936998e-21
1.046614e+03 2.933187e-21
1.046733e+03 2.924909e-21
1.046852e+03 2.922759e-21
1.046971e+03 2.922675e-21
1.047090e+03 2.917327e-21
1.047209e+03 2.917393e-21
1.047328e+03 2.917393e-21
1.047447e+03 2.917393e-21
1.047566e+03 2.917250e-21
1.047685e+03 2.906632e-21
1.047804e+03 2.906691e-21
1.047923e+03 2.903932e-21
1.048043e+03 2.901248e-21
1.048162e+03 2.901297e-21
1.048281e+03 2.901297e-21
1.048400e+03 2.901623e-21
1.048519e+03 2.890200e-21
1.048638e+03 2.885307e-21
1.048757e+03 2.885038e-21
1.048876e+03 2.885038e-21
1.048995e+03 2.885038e-21
1.049114e+03 2.885434e-21
1.049233e+03 2.875139e-21
1.049352e+03 2.874321e-21
1.049471e+03 2.872787e-21
1.049590e+03 2.868878e-21
1.049709e+03 2.868941e-21
1.049828e+03 2.869126e-21
1.049947e+03 2.865228e-21
1.050067e+03 2.860506e-21
1.050186e+03 2.852288e-21
1.050305e+03 2.841361e-21
1.050424e+03 2.841119e-21
1.050543e+03 2.836863e-21
1.050662e+03 2.825807e-21
1.050781e+03 2.812835e-21
1.050900e+03 2.809594e-21
1.051019e+03 2.808869e-21
1.051138e+03 2.804353e-21
1.051257e+03 2.798539e-21
1.051376e+03 2.798871e-21
1.051495e+03 2.793892e-21
1.051614e+03 2.786551e-21
1.051733e+03 2.777131e-21
1.051852e+03 2.771556e-21
1.051971e+03 2.771172e-21
1.052091e+03 2.755456e-21
1.052210e+03 2.750643e-21
1.052329e+03 2.746967e-21
1.052448e+03 2.742570e-21
1.052567e+03 2.733060e-21
1.052686e+03 2.720816e-21
1.052805e+03 2.712919e-21
1.052924e+03 2.712527e-21
1.053043e+03 2.707672e-21
1.053162e+03 2.689786e-21
1.053281e+03 2.680193e-21
1.053400e+03 2.674972e-21
1.053519e+03 2.662440e-21
1.053638e+03 2.646729e-21
1.053757e+03 2.625138e-21
1.053876e+03 2.615835e-21
1.053995e+03 2.612444e-21
1.054115e+03 2.596525e-21
1.054234e+03 2.576071e-21
1.054353e+03 2.573014e-21
1.054472e+03 2.566520e-21
1.054591e+03 2.554538e-21
1.054710e+03 2.522257e-21
1.054829e+03 2.519129e-21
1.054948e+03 2.510240e-21
1.055067e+03 2.502158e-21
1.055186e+03 2.490300e-21
1.055305e+03 2.477402e-21
1.055424e+03 2.473674e-21
1.055543e+03 2.453410e-21
1.055662e+03 2.429412e-21
1.055781e+03 2.413899e-21
1.055900e+03 2.399440e-21
1.056020e+03 2.383275e-21
1.056139e+03 2.359028e-21
1.056258e+03 2.342542e-21
1.056377e+03 2.339497e-21
1.056496e+03 2.315697e-21
1.056615e+03 2.292329e-21
1.056734e+03 2.283666e-21
1.056853e+03 2.276292e-21
1.056972e+03 2.252486e-21
1.057091e+03 2.232465e-21
1.057210e+03 2.216462e-21
1.057329e+03 2.197096e-21
1.057448e+03 2.175952e-21
1.057567e+03 2.145666e-21
1.057686e+03 2.115814e-21
1.057805e+03 2.111314e-21
1.057924e+03 2.104104e-21
1.058044e+03 2.091216e-21
1.058163e+03 2.066255e-21
1.058282e+03 2.051752e-21
1.058401e+03 2.041197e-21
1.058520e+03 2.025974e-21
1.058639e+03 2.007256e-21
1.058758e+03 1.983343e-21
1.058877e+03 1.985039e-21
1.058996e+03 1.966314e-21
1.059115e+03 1.949508e-21
1.059234e+03 1.917707e-21
1.059353e+03 1.910570e-21
1.059472e+03 1.899833e-21
1.059591e+03 1.885703e-21
1.059710e+03 1.870775e-21
1.059829e+03 1.858812e-21
1.059948e+03 1.844469e-21
1.060068e+03 1.832966e-21
1.060187e+03 1.817948e-21
1.060306e+03 1.803112e-21
1.060425e+03 1.799164e-21
1.060544e+03 1.783327e-21
1.060663e+03 1.769204e-21
1.060782e+03 1.749620e-21
1.060901e+03 1.731322e-21
1.061020e+03 1.704161e-21
1.061139e+03 1.701493e-21
1.061258e+03 1.695864e-21
1.061377e+03 1.692129e-21
1.061496e+03 1.673376e-21
1.061615e+03 1.657744e-21
1.061734e+03 1.644631e-21
1.061853e+03 1.634961e-21
1.061972e+03 1.602180e-21
1.062092e+03 1.591710e-21
1.062211e+03 1.587408e-21
1.062330e+03 1.582577e-21
1.062449e+03 1.577825e-21
1.062568e+03 1.564202e-21
1.062687e+03 1.549735e-21
1.062806e+03 1.531553e-21
1.062925e+03 1.516427e-21
1.063044e+03 1.506091e-21
1.063163e+03 1.498072e-21
1.063282e+03 1.488416e-21
1.063401e+03 1.477484e-21
1.063520e+03 1.470420e-21
1.063639e+03 1.461095e-21
1.063758e+03 1.449969e-21
1.063877e+03 1.445713e-21
1.063996e+03 1.426814e-21
1.064116e+03 1.414018e-21
1.064235e+03 1.401820e-21
1.064354e+03 1.390948e-21
1.064473e+03 1.386410e-21
1.064592e+03 1.363653e-21
1.064711e+03 1.353114e-21
1.064830e+03 1.348671e-21
1.064949e+03 1.338454e-21
1.065068e+03 1.334835e-21
1.065187e+03 1.330231e-21
1.065306e+03 1.320780e-21
1.065425e+03 1.316431e-21
1.065544e+03 1.301717e-21
1.065663e+03 1.297140e-21
1.065782e+03 1.292453e-21
1.065901e+03 1.283572e-21
1.066021e+03 1.272639e-21
1.066140e+03 1.268024e-21
1.066259e+03 1.262971e-21
1.066378e+03 1.246835e-21
1.066497e+03 1.238616e-21
1.066616e+03 1.233595e-21
1.066735e+03 1.229410e-21
1.066854e+03 1.224556e-21
1.066973e+03 1.210046e-21
1.067092e+03 1.201121e-21
1.067211e+03 1.194855e-21
1.067330e+03 1.186111e-21
1.067449e+03 1.181088e-21
1.067568e+03 1.173897e-21
1.067687e+03 1.172941e-21
1.067806e+03 1.170824e-21
1.067925e+03 1.161299e-21
1.068045e+03 1.148674e-21
1.068164e+03 1.137889e-21
1.068283e+03 1.126977e-21
1.068402e+03 1.122066e-21
1.068521e+03 1.106037e-21
1.068640e+03 1.097832e-21
1.068759e+03 1.094214e-21
1.068878e+03 1.089784e-21
1.068997e+03 1.073090e-21
1.069116e+03 1.065474e-21
1.069235e+03 1.060208e-21
1.069354e+03 1.056741e-21
1.069473e+03 1.051897e-21
1.069592e+03 1.032976e-21
1.069711e+03 1.030776e-21
1.069830e+03 1.028242e-21
1.069949e+03 1.019329e-21
1.070069e+03 1.013327e-21
1.070188e+03 1.006115e-21
1.070307e+03 9.973529e-22
1.070426e+03 9.869352e-22
1.070545e+03 9.768065e-22
1.070664e+03 9.760415e-22
1.070783e+03 9.738040e-22
1.070902e+03 9.653144e-22
1.071021e+03 9.546217e-22
1.071140e+03 9.400615e-22
1.071259e+03 9.383201e-22
1.071378e+03 9.383201e-22
1.071497e+03 9.389436e-22
1.071616e+03 9.272108e-22
1.071735e+03 9.270893e-22
1.071854e+03 9.167284e-22
1.071973e+03 9.042840e-22
1.072093e+03 9.032002e-22
1.072212e+03 9.009415e-22
1.072331e+03 8.947714e-22
1.072450e+03 8.900338e-22
1.072569e+03 8.799890e-22
1.072688e+03 8.716871e-22
1.072807e+03 8.653992e-22
1.072926e+03 8.563360e-22
1.073045e+03 8.461619e-22
1.073164e+03 8.468012e-22
1.073283e+03 8.395469e-22
1.073402e+03 8.332743e-22
1.073521e+03 8.246886e-22
1.073640e+03 8.225336e-22
1.073759e+03 8.185398e-22
1.073878e+03 8.089190e-22
1.073997e+03 7.982226e-22
1.074117e+03 7.897752e-22
1.074236e+03 7.872719e-22
1.074355e+03 7.867852e-22
1.074474e+03 7.793903e-22
1.074593e+03 7.661873e-22
1.074712e+03 7.574906e-22
1.074831e+03 7.549160e-22
1.074950e+03 7.547537e-22
1.075069e+03 7.439604e-22
1.075188e+03 7.336939e-22
1.075307e+03 7.334296e-22
1.075426e+03 7.225680e-22
1.075545e+03 7.123121e-22
1.075664e+03 7.087832e-22
1.075783e+03 7.049973e-22
1.075902e+03 7.013817e-22
1.076022e+03 6.845135e-22
1.076141e+03 6.799239e-22
1.076260e+03 6.795045e-22
1.076379e+03 6.768823e-22
1.076498e+03 6.688900e-22
1.076617e+03 6.575779e-22
1.076736e+03 6.557312e-22
1.076855e+03 6.507655e-22
1.076974e+03 6.459473e-22
1.077093e+03 6.375340e-22
1.077212e+03 6.363862e-22
1.077331e+03 6.348281e-22
1.077450e+03 6.197938e-22
1.077569e+03 6.097444e-22
1.077688e+03 6.093959e-22
1.077807e+03 6.039951e-22
1.077926e+03 5.921421e-22
1.078046e+03 5.880963e-22
1.078165e+03 5.773111e-22
1.078284e+03 5.770400e-22
1.078403e+03 5.770400e-22
1.078522e+03 5.770400e-22
1.078641e+03 5.773055e-22
1.078760e+03 5.717709e-22
1.078879e+03 5.642736e-22
1.078998e+03 5.442420e-22
1.079117e+03 5.403898e-22
1.079236e+03 5.364547e-22
1.079355e+03 5.337905e-22
1.079474e+03 5.337905e-22
1.079593e+03 5.337905e-22
1.079712e+03 5.338709e-22
1.079831e+03 5.311156e-22
1.079950e+03 5.273598e-22
1.080070e+03 5.143860e-22
1.080189e+03 5.014747e-22
1.080308e+03 5.014346e-22
1.080427e+03 5.014346e-22
1.080546e+03 5.008667e-22
1.080665e+03 4.958886e-22
1.080784e+03 4.926995e-22
1.080903e+03 4.851839e-22
1.081022e+03 4.744249e-22
1.081141e+03 4.697059e-22
1.081260e+03 4.591065e-22
1.081379e+03 4.496599e-22
1.081498e+03 4.424022e-22
1.081617e+03 4.309821e-22
1.081736e+03 4.313573e-22
1.081855e+03 4.313750e-22
1.081974e+03 4.299274e-22
1.082094e+03 4.259708e-22
1.082213e+03 4.207888e-22
1.082332e+03 4.114453e-22
1.082451e+03 4.015157e-22
1.082570e+03 3.964304e-22
1.082689e+03 3.920314e-22
1.082808e+03 3.910345e-22
1.082927e+03 3.910345e-22
1.083046e+03 3.913338e-22
1.083165e+03 3.855554e-22
1.083284e+03 3.792410e-22
1.083403e+03 3.713136e-22
1.083522e+03 3.601408e-22
1.083641e+03 3.559145e-22
1.083760e+03 3.505152e-22
1.083879e+03 3.505490e-22
1.083998e+03 3.505490e-22
1.084118e+03 3.501319e-22
1.084237e+03 3.418378e-22
1.084356e+03 3.387429e-22
1.084475e+03 3.340484e-22
1.084594e+03 3.287806e-22
1.084713e+03 3.289242e-22
1.084832e+03 3.289242e-22
1.084951e+03 3.274744e-22
1.085070e+03 3.178033e-22
1.085189e+03 3.184474e-22
1.085308e+03 3.134549e-22
1.085427e+03 3.128276e-22
1.085546e+03 3.128276e-22
1.085665e+03 3.128276e-22
1.085784e+03 3.130512e-22
1.085903e+03 3.079273e-22
1.086023e+03 3.018184e-22
1.086142e+03 2.913417e-22
1.086261e+03 2.875604e-22
1.086380e+03 2.858372e-22
1.086499e+03 2.859998e-22
1.086618e+03 2.804717e-22
1.086737e+03 2.753788e-22
1.086856e+03 2.712785e-22
1.086975e+03 2.687655e-22
1.087094e+03 2.669959e-22
1.087213e+03 2.613711e-22
1.087332e+03 2.616110e-22
1.087451e+03 2.616110e-22
1.087570e+03 2.616110e-22
1.087689e+03 2.616110e-22
1.087808e+03 2.616110e-22
1.087927e+03 2.616110e-22
1.088047e+03 2.619136e-22
1.088166e+03 2.558189e-22
1.088285e+03 2.606749e-22
1.088404e+03 2.590819e-22
1.088523e+03 2.559943e-22
1.088642e+03 2.562189e-22
1.088761e+03 2.535168e-22
1.088880e+03 2.491927e-22
1.088999e+03 2.481126e-22
1.089118e+03 2.481158e-22
1.089237e+03 2.483991e-22
1.089356e+03 2.424452e-22
1.089475e+03 2.385090e-22
1.089594e+03 2.372036e-22
1.089713e+03 2.373959e-22
1.089832e+03 2.304221e-22
1.089951e+03 2.254051e-22
1.090071e+03 2.209339e-22
1.090190e+03 2.211255e-22
1.090309e+03 2.211255e-22
1.090428e+03 2.211255e-22
1.090547e+03 2.211255e-22
1.090666e+03 2.209358e-22
1.090785e+03 2.158582e-22
1.090904e+03 2.105313e-22
1.091023e+03 2.070474e-22
1.091142e+03 2.036350e-22
1.091261e+03 1.992479e-22
1.091380e+03 1.995007e-22
1.091499e+03 1.995032e-22
1.091618e+03 1.967962e-22
1.091737e+03 1.966973e-22
1.091856e+03 1.860544e-22
1.091975e+03 1.813352e-22
1.092095e+03 1.778405e-22
1.092214e+03 1.778760e-22
1.092333e+03 1.780884e-22
1.092452e+03 1.737550e-22
1.092571e+03 1.725104e-22
1.092690e+03 1.721878e-22
1.092809e+03 1.672384e-22
1.092928e+03 1.570533e-22
1.093047e+03 1.564138e-22
1.093166e+03 1.564138e-22
1.093285e+03 1.564138e-22
1.093404e+03 1.564138e-22
1.093523e+03 1.564138e-22
1.093642e+03 1.564138e-22
1.093761e+03 1.563768e-22
1.093880e+03 1.581105e-22
1.093999e+03 1.562561e-22
1.094119e+03 1.554297e-22
1.094238e+03 1.510482e-22
1.094357e+03 1.452166e-22
1.094476e+03 1.456038e-22
1.094595e+03 1.442090e-22
1.094714e+03 1.421349e-22
1.094833e+03 1.374975e-22
1.094952e+03 1.311477e-22
1.095071e+03 1.289020e-22
1.095190e+03 1.238294e-22
1.095309e+03 1.240579e-22
1.095428e+03 1.241996e-22
1.095547e+03 1.171374e-22
1.095666e+03 1.215128e-22
1.095785e+03 1.212938e-22
1.095904e+03 1.212938e-22
1.096024e+03 1.212938e-22
1.096143e+03 1.196809e-22
1.096262e+03 1.157014e-22
1.096381e+03 1.132640e-22
1.096500e+03 1.078158e-22
1.096619e+03 1.044005e-22
1.096738e+03 1.023937e-22
1.096857e+03 1.024782e-22
1.096976e+03 1.000017e-22
1.097095e+03 9.662813e-23
1.097214e+03 9.156443e-23
1.097333e+03 8.671968e-23
1.097452e+03 8.172601e-23
1.097571e+03 8.080837e-23
1.097690e+03 8.080837e-23
1.097809e+03 8.080837e-23
1.097928e+03 8.080837e-23
1.098048e+03 8.080837e-23
1.098167e+03 8.080837e-23
1.098286e+03 8.080837e-23
1.098405e+03 8.080837e-23
1.098524e+03 8.080837e-23
1.098643e+03 8.080837e-23
1.098762e+03 8.080837e-23
1.098881e+03 8.080837e-23
1.099000e+03 8.080837e-23
