8.610000e+02 2.968648e-23
8.611191e+02 2.252746e-23
8.612381e+02 1.192286e-23
8.613572e+02 -5.997936e-24
8.614762e+02 1.093435e-25
8.615953e+02 1.971271e-23
8.617144e+02 3.225872e-23
8.618334e+02 3.585008e-23
8.619525e+02 1.723550e-23
8.620715e+02 1.028496e-24
8.621906e+02 -1.357907e-23
8.623097e+02 4.984893e-25
8.624287e+02 1.307089e-23
8.625478e+02 1.316683e-23
8.626668e+02 3.189431e-24
8.627859e+02 -1.465964e-23
8.629050e+02 -1.274420e-23
8.630240e+02 -4.104174e-24
8.631431e+02 2.063823e-23
8.632621e+02 2.870670e-23
8.633812e+02 2.149744e-23
8.635003e+02 5.402783e-24
8.636193e+02 -7.531542e-24
8.637384e+02 4.471817e-24
8.638574e+02 1.619048e-23
8.639765e+02 2.760361e-23
8.640955e+02 1.980580e-23
8.642146e+02 7.252825e-24
8.643337e+02 -5.499508e-24
8.644527e+02 -5.772926e-24
8.645718e+02 9.652939e-24
8.646908e+02 1.659261e-23
8.648099e+02 1.861201e-23
8.649290e+02 -4.546268e-24
8.650480e+02 -1.772665e-23
8.651671e+02 -1.614807e-23
8.652861e+02 3.293619e-24
8.654052e+02 2.820936e-23
8.655243e+02 2.354386e-23
8.656433e+02 1.443368e-23
8.657624e+02 -2.446977e-24
8.658814e+02 3.897408e-24
8.660005e+02 2.096174e-23
8.661196e+02 3.611011e-23
8.662386e+02 4.180345e-23
8.663577e+02 2.780290e-23
8.664767e+02 1.701323e-23
8.665958e+02 7.994356e-24
8.667149e+02 2.702527e-23
8.668339e+02 4.285631e-23
8.669530e+02 4.807847e-23
8.670720e+02 4.007659e-23
8.671911e+02 2.344235e-23
8.673102e+02 2.527467e-23
8.674292e+02 3.093115e-23
8.675483e+02 4.375749e-23
8.676673e+02 4.186407e-23
8.677864e+02 2.866289e-23
8.679055e+02 8.559716e-24
8.680245e+02 -5.820590e-24
8.681436e+02 5.308101e-24
8.682626e+02 1.322478e-23
8.683817e+02 1.824756e-23
8.685008e+02 2.891442e-24
8.686198e+02 -1.465429e-23
8.687389e+02 -2.461572e-23
8.688579e+02 -1.942744e-23
8.689770e+02 1.747846e-24
8.690960e+02 8.846526e-24
8.692151e+02 1.022058e-23
8.693342e+02 -4.589683e-24
8.694532e+02 -9.024280e-24
8.695723e+02 -6.258100e-25
8.696913e+02 1.820426e-23
8.698104e+02 3.798901e-23
8.699295e+02 3.469379e-23
8.700485e+02 2.671534e-23
8.701676e+02 1.192928e-23
8.702866e+02 1.715939e-23
8.704057e+02 2.975105e-23
8.705248e+02 3.981476e-23
8.706438e+02 3.867631e-23
8.707629e+02 1.830496e-23
8.708819e+02 1.136407e-23
8.710010e+02 1.069014e-23
8.711201e+02 3.161953e-23
8.712391e+02 4.545518e-23
8.713582e+02 4.479493e-23
8.714772e+02 3.757125e-23
8.715963e+02 2.679379e-23
8.717154e+02 2.746355e-23
8.718344e+02 3.370503e-23
8.719535e+02 5.274563e-23
8.720725e+02 5.030076e-23
8.721916e+02 3.407557e-23
8.723107e+02 2.017691e-23
8.724297e+02 1.339889e-23
8.725488e+02 2.749950e-23
8.726678e+02 3.892596e-23
8.727869e+02 4.833300e-23
8.729060e+02 3.254212e-23
8.730250e+02 1.676553e-23
8.731441e+02 1.276269e-23
8.732631e+02 2.150023e-23
8.733822e+02 4.152442e-23
8.735013e+02 4.190897e-23
8.736203e+02 3.700291e-23
8.737394e+02 2.316905e-23
8.738584e+02 2.300726e-23
8.739775e+02 3.703258e-23
8.740965e+02 5.118399e-23
8.742156e+02 6.193697e-23
8.743347e+02 4.996957e-23
8.744537e+02 3.968741e-23
8.745728e+02 3.145451e-23
8.746918e+02 4.049310e-23
8.748109e+02 5.412064e-23
8.749300e+02 6.250650e-23
8.750490e+02 6.086199e-23
8.751681e+02 4.488838e-23
8.752871e+02 3.596050e-23
8.754062e+02 3.078464e-23
8.755253e+02 4.692325e-23
8.756443e+02 5.440803e-23
8.757634e+02 4.730044e-23
8.758824e+02 3.316799e-23
8.760015e+02 1.612477e-23
8.761206e+02 1.549196e-23
8.762396e+02 2.026010e-23
8.763587e+02 3.585741e-23
8.764777e+02 3.976680e-23
8.765968e+02 3.746369e-23
8.767159e+02 3.354722e-23
8.768349e+02 3.602263e-23
8.769540e+02 5.400826e-23
8.770730e+02 6.166938e-23
8.771921e+02 6.282466e-23
8.773112e+02 4.669065e-23
8.774302e+02 3.352478e-23
8.775493e+02 3.270134e-23
8.776683e+02 3.892728e-23
8.777874e+02 5.038609e-23
8.779065e+02 4.365549e-23
8.780255e+02 3.394765e-23
8.781446e+02 2.122125e-23
8.782636e+02 2.630126e-23
8.783827e+02 4.689187e-23
8.785018e+02 7.134126e-23
8.786208e+02 8.999303e-23
8.787399e+02 7.817428e-23
8.788589e+02 6.857162e-23
8.789780e+02 6.123021e-23
8.790970e+02 7.776748e-23
8.792161e+02 9.677902e-23
8.793352e+02 9.699049e-23
8.794542e+02 8.795804e-23
8.795733e+02 6.787380e-23
8.796923e+02 6.217324e-23
8.798114e+02 6.201520e-23
8.799305e+02 7.489847e-23
8.800495e+02 7.949173e-23
8.801686e+02 7.244549e-23
8.802876e+02 6.113681e-23
8.804067e+02 5.002444e-23
8.805258e+02 6.781119e-23
8.806448e+02 8.294931e-23
8.807639e+02 9.370060e-23
8.808829e+02 8.742805e-23
8.810020e+02 7.370443e-23
8.811211e+02 5.776967e-23
8.812401e+02 5.555233e-23
8.813592e+02 8.032515e-23
8.814782e+02 8.534374e-23
8.815973e+02 8.005578e-23
8.817164e+02 6.332261e-23
8.818354e+02 5.260358e-23
8.819545e+02 5.671492e-23
8.820735e+02 7.338664e-23
8.821926e+02 9.783384e-23
8.823117e+02 9.498068e-23
8.824307e+02 8.741601e-23
8.825498e+02 7.150665e-23
8.826688e+02 7.316325e-23
8.827879e+02 8.763685e-23
8.829070e+02 1.007674e-22
8.830260e+02 1.065912e-22
8.831451e+02 8.682319e-23
8.832641e+02 7.767885e-23
8.833832e+02 7.763343e-23
8.835023e+02 9.841042e-23
8.836213e+02 1.200164e-22
8.837404e+02 1.297248e-22
8.838594e+02 1.286493e-22
8.839785e+02 1.167536e-22
8.840975e+02 1.238137e-22
8.842166e+02 1.361781e-22
8.843357e+02 1.554784e-22
8.844547e+02 1.589636e-22
8.845738e+02 1.438582e-22
8.846928e+02 1.261031e-22
8.848119e+02 1.101860e-22
8.849310e+02 1.175434e-22
8.850500e+02 1.231764e-22
8.851691e+02 1.264298e-22
8.852881e+02 1.125781e-22
8.854072e+02 9.373683e-23
8.855263e+02 9.057750e-23
8.856453e+02 9.657883e-23
8.857644e+02 1.174839e-22
8.858834e+02 1.233328e-22
8.860025e+02 1.225985e-22
8.861216e+02 1.145805e-22
8.862406e+02 1.137271e-22
8.863597e+02 1.267086e-22
8.864787e+02 1.428472e-22
8.865978e+02 1.606025e-22
8.867169e+02 1.555590e-22
8.868359e+02 1.483994e-22
8.869550e+02 1.373355e-22
8.870740e+02 1.451326e-22
8.871931e+02 1.643994e-22
8.873122e+02 1.709304e-22
8.874312e+02 1.718326e-22
8.875503e+02 1.591006e-22
8.876693e+02 1.496717e-22
8.877884e+02 1.426117e-22
8.879075e+02 1.564355e-22
8.880265e+02 1.687812e-22
8.881456e+02 1.680941e-22
8.882646e+02 1.569962e-22
8.883837e+02 1.371314e-22
8.885028e+02 1.489442e-22
8.886218e+02 1.656513e-22
8.887409e+02 1.817639e-22
8.888599e+02 1.866009e-22
8.889790e+02 1.803128e-22
8.890980e+02 1.726725e-22
8.892171e+02 1.685405e-22
8.893362e+02 1.870402e-22
8.894552e+02 2.014558e-22
8.895743e+02 2.111510e-22
8.896933e+02 2.013879e-22
8.898124e+02 1.885172e-22
8.899315e+02 1.950084e-22
8.900505e+02 2.056043e-22
8.901696e+02 2.217679e-22
8.902886e+02 2.217808e-22
8.904077e+02 2.152105e-22
8.905268e+02 1.935830e-22
8.906458e+02 1.855820e-22
8.907649e+02 1.993596e-22
8.908839e+02 2.176653e-22
8.910030e+02 2.369937e-22
8.911221e+02 2.226125e-22
8.912411e+02 2.112874e-22
8.913602e+02 2.057547e-22
8.914792e+02 2.168258e-22
8.915983e+02 2.362407e-22
8.917174e+02 2.469492e-22
8.918364e+02 2.506251e-22
8.919555e+02 2.386285e-22
8.920745e+02 2.342206e-22
8.921936e+02 2.343455e-22
8.923127e+02 2.573812e-22
8.924317e+02 2.731072e-22
8.925508e+02 2.651164e-22
8.926698e+02 2.509833e-22
8.927889e+02 2.325206e-22
8.929080e+02 2.396762e-22
8.930270e+02 2.527774e-22
8.931461e+02 2.771579e-22
8.932651e+02 2.860369e-22
8.933842e+02 2.820814e-22
8.935033e+02 2.774630e-22
8.936223e+02 2.774466e-22
8.937414e+02 2.978255e-22
8.938604e+02 3.124050e-22
8.939795e+02 3.213581e-22
8.940985e+02 3.055706e-22
8.942176e+02 2.879956e-22
8.943367e+02 2.897875e-22
8.944557e+02 2.945899e-22
8.945748e+02 3.028138e-22
8.946938e+02 2.957572e-22
8.948129e+02 2.839720e-22
8.949320e+02 2.670596e-22
8.950510e+02 2.637416e-22
8.951701e+02 2.785496e-22
8.952891e+02 2.969131e-22
8.954082e+02 3.139984e-22
8.955273e+02 2.976892e-22
8.956463e+02 2.865092e-22
8.957654e+02 2.833830e-22
8.958844e+02 2.975146e-22
8.960035e+02 3.183612e-22
8.961226e+02 3.273361e-22
8.962416e+02 3.275560e-22
8.963607e+02 3.114863e-22
8.964797e+02 3.122813e-22
8.965988e+02 3.213923e-22
8.967179e+02 3.354399e-22
8.968369e+02 3.406241e-22
8.969560e+02 3.259760e-22
8.970750e+02 3.134418e-22
8.971941e+02 3.021479e-22
8.973132e+02 3.241545e-22
8.974322e+02 3.482801e-22
8.975513e+02 3.734350e-22
8.976703e+02 3.812614e-22
8.977894e+02 3.770835e-22
8.979085e+02 3.767981e-22
8.980275e+02 3.832828e-22
8.981466e+02 4.110269e-22
8.982656e+02 4.235292e-22
8.983847e+02 4.236245e-22
8.985038e+02 4.039577e-22
8.986228e+02 3.851095e-22
8.987419e+02 3.820180e-22
8.988609e+02 3.872911e-22
8.989800e+02 4.005444e-22
8.990990e+02 3.967961e-22
8.992181e+02 3.897484e-22
8.993372e+02 3.834540e-22
8.994562e+02 3.878124e-22
8.995753e+02 4.040744e-22
8.996943e+02 4.132895e-22
8.998134e+02 4.175602e-22
8.999325e+02 3.974115e-22
9.000515e+02 3.842529e-22
9.001706e+02 3.802562e-22
9.002896e+02 3.937280e-22
9.004087e+02 4.118653e-22
9.005278e+02 4.164830e-22
9.006468e+02 4.146703e-22
9.007659e+02 4.029373e-22
9.008849e+02 4.068265e-22
9.010040e+02 4.172447e-22
9.011231e+02 4.349767e-22
9.012421e+02 4.449801e-22
9.013612e+02 4.408664e-22
9.014802e+02 4.406160e-22
9.015993e+02 4.422346e-22
9.017184e+02 4.721397e-22
9.018374e+02 4.943357e-22
9.019565e+02 4.993464e-22
9.020755e+02 4.921258e-22
9.021946e+02 4.778579e-22
9.023137e+02 4.785205e-22
9.024327e+02 4.852265e-22
9.025518e+02 5.060091e-22
9.026708e+02 5.138058e-22
9.027899e+02 5.127618e-22
9.029090e+02 4.946716e-22
9.030280e+02 4.845404e-22
9.031471e+02 5.054145e-22
9.032661e+02 5.270850e-22
9.033852e+02 5.493929e-22
9.035043e+02 5.453288e-22
9.036233e+02 5.365183e-22
9.037424e+02 5.235973e-22
9.038614e+02 5.281655e-22
9.039805e+02 5.491406e-22
9.040995e+02 5.571688e-22
9.042186e+02 5.595789e-22
9.043377e+02 5.453590e-22
9.044567e+02 5.382422e-22
9.045758e+02 5.389299e-22
9.046948e+02 5.593141e-22
9.048139e+02 5.821428e-22
9.049330e+02 5.854369e-22
9.050520e+02 5.815024e-22
9.051711e+02 5.682542e-22
9.052901e+02 5.757634e-22
9.054092e+02 5.904986e-22
9.055283e+02 6.120127e-22
9.056473e+02 6.204047e-22
9.057664e+02 6.089055e-22
9.058854e+02 5.998635e-22
9.060045e+02 5.929443e-22
9.061236e+02 6.154366e-22
9.062426e+02 6.350187e-22
9.063617e+02 6.493814e-22
9.064807e+02 6.476180e-22
9.065998e+02 6.382011e-22
9.067189e+02 6.443492e-22
9.068379e+02 6.571987e-22
9.069570e+02 6.843323e-22
9.070760e+02 6.948705e-22
9.071951e+02 6.960191e-22
9.073142e+02 6.880590e-22
9.074332e+02 6.879687e-22
9.075523e+02 7.092279e-22
9.076713e+02 7.306164e-22
9.077904e+02 7.520915e-22
9.079095e+02 7.473220e-22
9.080285e+02 7.403103e-22
9.081476e+02 7.334919e-22
9.082666e+02 7.405416e-22
9.083857e+02 7.585025e-22
9.085048e+02 7.617290e-22
9.086238e+02 7.576526e-22
9.087429e+02 7.324142e-22
9.088619e+02 7.280479e-22
9.089810e+02 7.429351e-22
9.091001e+02 7.727230e-22
9.092191e+02 8.012977e-22
9.093382e+02 8.087199e-22
9.094572e+02 8.066988e-22
9.095763e+02 7.944750e-22
9.096953e+02 8.107676e-22
9.098144e+02 8.345427e-22
9.099335e+02 8.611570e-22
9.100525e+02 8.739793e-22
9.101716e+02 8.693318e-22
9.102906e+02 8.712158e-22
9.104097e+02 8.772126e-22
9.105288e+02 9.064829e-22
9.106478e+02 9.283242e-22
9.107669e+02 9.390997e-22
9.108859e+02 9.362615e-22
9.110050e+02 9.291551e-22
9.111241e+02 9.443376e-22
9.112431e+02 9.659742e-22
9.113622e+02 9.989768e-22
9.114812e+02 1.013626e-21
9.116003e+02 1.019703e-21
9.117194e+02 1.014015e-21
9.118384e+02 1.018006e-21
9.119575e+02 1.042315e-21
9.120765e+02 1.066682e-21
9.121956e+02 1.091081e-21
9.123147e+02 1.092115e-21
9.124337e+02 1.094135e-21
9.125528e+02 1.100924e-21
9.126718e+02 1.126130e-21
9.127909e+02 1.163445e-21
9.129100e+02 1.177808e-21
9.130290e+02 1.186417e-21
9.131481e+02 1.183070e-21
9.132671e+02 1.190843e-21
9.133862e+02 1.207217e-21
9.135053e+02 1.238790e-21
9.136243e+02 1.266140e-21
9.137434e+02 1.269266e-21
9.138624e+02 1.273704e-21
9.139815e+02 1.279332e-21
9.141006e+02 1.303196e-21
9.142196e+02 1.329929e-21
9.143387e+02 1.354184e-21
9.144577e+02 1.366521e-21
9.145768e+02 1.366196e-21
9.146958e+02 1.377704e-21
9.148149e+02 1.394779e-21
9.149340e+02 1.430731e-21
9.150530e+02 1.459602e-21
9.151721e+02 1.479655e-21
9.152911e+02 1.482828e-21
9.154102e+02 1.483218e-21
9.155293e+02 1.509079e-21
9.156483e+02 1.542608e-21
9.157674e+02 1.587363e-21
9.158864e+02 1.608573e-21
9.160055e+02 1.621235e-21
9.161246e+02 1.640851e-21
9.162436e+02 1.667634e-21
9.163627e+02 1.706811e-21
9.164817e+02 1.737695e-21
9.166008e+02 1.764617e-21
9.167199e+02 1.765466e-21
9.168389e+02 1.770437e-21
9.169580e+02 1.783899e-21
9.170770e+02 1.813384e-21
9.171961e+02 1.851610e-21
9.173152e+02 1.876367e-21
9.174342e+02 1.897225e-21
9.175533e+02 1.909547e-21
9.176723e+02 1.940842e-21
9.177914e+02 1.984393e-21
9.179105e+02 2.025070e-21
9.180295e+02 2.058712e-21
9.181486e+02 2.071690e-21
9.182676e+02 2.081652e-21
9.183867e+02 2.089320e-21
9.185058e+02 2.128739e-21
9.186248e+02 2.169244e-21
9.187439e+02 2.198697e-21
9.188629e+02 2.212431e-21
9.189820e+02 2.212146e-21
9.191011e+02 2.227017e-21
9.192201e+02 2.247294e-21
9.193392e+02 2.280884e-21
9.194582e+02 2.304518e-21
9.195773e+02 2.317752e-21
9.196963e+02 2.320546e-21
9.198154e+02 2.323863e-21
9.199345e+02 2.347248e-21
9.200535e+02 2.369995e-21
9.201726e+02 2.391963e-21
9.202916e+02 2.394687e-21
9.204107e+02 2.392324e-21
9.205298e+02 2.396744e-21
9.206488e+02 2.410679e-21
9.207679e+02 2.438304e-21
9.208869e+02 2.454454e-21
9.210060e+02 2.465078e-21
9.211251e+02 2.451482e-21
9.212441e+02 2.445638e-21
9.213632e+02 2.452960e-21
9.214822e+02 2.470367e-21
9.216013e+02 2.492048e-21
9.217204e+02 2.491948e-21
9.218394e+02 2.486940e-21
9.219585e+02 2.472012e-21
9.220775e+02 2.476912e-21
9.221966e+02 2.492429e-21
9.223157e+02 2.509767e-21
9.224347e+02 2.518864e-21
9.225538e+02 2.507808e-21
9.226728e+02 2.494200e-21
9.227919e+02 2.478973e-21
9.229110e+02 2.491188e-21
9.230300e+02 2.500731e-21
9.231491e+02 2.496402e-21
9.232681e+02 2.484212e-21
9.233872e+02 2.466147e-21
9.235063e+02 2.463886e-21
9.236253e+02 2.466836e-21
9.237444e+02 2.482027e-21
9.238634e+02 2.483905e-21
9.239825e+02 2.474106e-21
9.241016e+02 2.455092e-21
9.242206e+02 2.439213e-21
9.243397e+02 2.445902e-21
9.244587e+02 2.445683e-21
9.245778e+02 2.438368e-21
9.246968e+02 2.414960e-21
9.248159e+02 2.388969e-21
9.249350e+02 2.370154e-21
9.250540e+02 2.369897e-21
9.251731e+02 2.391978e-21
9.252921e+02 2.397625e-21
9.254112e+02 2.395773e-21
9.255303e+02 2.367942e-21
9.256493e+02 2.348531e-21
9.257684e+02 2.341025e-21
9.258874e+02 2.345881e-21
9.260065e+02 2.353608e-21
9.261256e+02 2.333645e-21
9.262446e+02 2.312796e-21
9.263637e+02 2.290467e-21
9.264827e+02 2.289534e-21
9.266018e+02 2.297878e-21
9.267209e+02 2.298758e-21
9.268399e+02 2.292559e-21
9.269590e+02 2.272328e-21
9.270780e+02 2.258798e-21
9.271971e+02 2.248789e-21
9.273162e+02 2.259574e-21
9.274352e+02 2.265055e-21
9.275543e+02 2.256672e-21
9.276733e+02 2.234154e-21
9.277924e+02 2.202822e-21
9.279115e+02 2.197819e-21
9.280305e+02 2.199166e-21
9.281496e+02 2.213726e-21
9.282686e+02 2.207983e-21
9.283877e+02 2.187322e-21
9.285068e+02 2.164028e-21
9.286258e+02 2.145526e-21
9.287449e+02 2.145435e-21
9.288639e+02 2.139344e-21
9.289830e+02 2.128080e-21
9.291021e+02 2.108981e-21
9.292211e+02 2.090354e-21
9.293402e+02 2.079980e-21
9.294592e+02 2.087922e-21
9.295783e+02 2.114368e-21
9.296973e+02 2.112096e-21
9.298164e+02 2.101867e-21
9.299355e+02 2.081923e-21
9.300545e+02 2.072603e-21
9.301736e+02 2.075854e-21
9.302926e+02 2.086723e-21
9.304117e+02 2.095975e-21
9.305308e+02 2.070467e-21
9.306498e+02 2.049796e-21
9.307689e+02 2.035847e-21
9.308879e+02 2.042475e-21
9.310070e+02 2.055204e-21
9.311261e+02 2.049041e-21
9.312451e+02 2.031728e-21
9.313642e+02 1.996142e-21
9.314832e+02 1.975613e-21
9.316023e+02 1.962090e-21
9.317214e+02 1.975376e-21
9.318404e+02 1.981038e-21
9.319595e+02 1.971866e-21
9.320785e+02 1.954439e-21
9.321976e+02 1.932751e-21
9.323167e+02 1.934384e-21
9.324357e+02 1.937154e-21
9.325548e+02 1.941459e-21
9.326738e+02 1.931601e-21
9.327929e+02 1.913068e-21
9.329120e+02 1.895519e-21
9.330310e+02 1.886881e-21
9.331501e+02 1.903361e-21
9.332691e+02 1.913845e-21
9.333882e+02 1.919998e-21
9.335073e+02 1.905365e-21
9.336263e+02 1.892055e-21
9.337454e+02 1.891469e-21
9.338644e+02 1.898454e-21
9.339835e+02 1.911858e-21
9.341026e+02 1.900759e-21
9.342216e+02 1.885347e-21
9.343407e+02 1.868266e-21
9.344597e+02 1.862920e-21
9.345788e+02 1.869229e-21
9.346978e+02 1.875018e-21
9.348169e+02 1.876240e-21
9.349360e+02 1.850556e-21
9.350550e+02 1.828365e-21
9.351741e+02 1.810240e-21
9.352931e+02 1.823574e-21
9.354122e+02 1.843956e-21
9.355313e+02 1.849415e-21
9.356503e+02 1.843268e-21
9.357694e+02 1.821269e-21
9.358884e+02 1.814850e-21
9.360075e+02 1.815230e-21
9.361266e+02 1.836485e-21
9.362456e+02 1.844850e-21
9.363647e+02 1.832466e-21
9.364837e+02 1.812811e-21
9.366028e+02 1.790908e-21
9.367219e+02 1.802968e-21
9.368409e+02 1.813621e-21
9.369600e+02 1.821589e-21
9.370790e+02 1.809834e-21
9.371981e+02 1.788092e-21
9.373172e+02 1.771509e-21
9.374362e+02 1.764832e-21
9.375553e+02 1.780623e-21
9.376743e+02 1.787861e-21
9.377934e+02 1.789953e-21
9.379125e+02 1.776080e-21
9.380315e+02 1.767691e-21
9.381506e+02 1.777138e-21
9.382696e+02 1.787252e-21
9.383887e+02 1.797840e-21
9.385078e+02 1.783047e-21
9.386268e+02 1.765493e-21
9.387459e+02 1.747605e-21
9.388649e+02 1.749675e-21
9.389840e+02 1.768385e-21
9.391031e+02 1.785691e-21
9.392221e+02 1.797231e-21
9.393412e+02 1.784446e-21
9.394602e+02 1.774021e-21
9.395793e+02 1.765903e-21
9.396983e+02 1.783763e-21
9.398174e+02 1.803446e-21
9.399365e+02 1.801829e-21
9.400555e+02 1.794231e-21
9.401746e+02 1.779790e-21
9.402936e+02 1.785356e-21
9.404127e+02 1.797543e-21
9.405318e+02 1.819712e-21
9.406508e+02 1.828228e-21
9.407699e+02 1.818414e-21
9.408889e+02 1.809779e-21
9.410080e+02 1.803560e-21
9.411271e+02 1.825323e-21
9.412461e+02 1.849377e-21
9.413652e+02 1.877056e-21
9.414842e+02 1.880419e-21
9.416033e+02 1.873892e-21
9.417224e+02 1.872997e-21
9.418414e+02 1.881553e-21
9.419605e+02 1.907821e-21
9.420795e+02 1.918049e-21
9.421986e+02 1.920308e-21
9.423177e+02 1.897745e-21
9.424367e+02 1.882564e-21
9.425558e+02 1.884603e-21
9.426748e+02 1.897306e-21
9.427939e+02 1.916312e-21
9.429130e+02 1.905590e-21
9.430320e+02 1.893305e-21
9.431511e+02 1.881135e-21
9.432701e+02 1.886087e-21
9.433892e+02 1.902984e-21
9.435083e+02 1.907496e-21
9.436273e+02 1.905279e-21
9.437464e+02 1.884614e-21
9.438654e+02 1.874767e-21
9.439845e+02 1.873785e-21
9.441036e+02 1.901363e-21
9.442226e+02 1.927793e-21
9.443417e+02 1.931082e-21
9.444607e+02 1.923650e-21
9.445798e+02 1.905921e-21
9.446988e+02 1.910800e-21
9.448179e+02 1.921910e-21
9.449370e+02 1.942097e-21
9.450560e+02 1.949590e-21
9.451751e+02 1.942801e-21
9.452941e+02 1.924242e-21
9.454132e+02 1.906452e-21
9.455323e+02 1.919790e-21
9.456513e+02 1.927344e-21
9.457704e+02 1.927264e-21
9.458894e+02 1.916119e-21
9.460085e+02 1.902482e-21
9.461276e+02 1.904079e-21
9.462466e+02 1.914066e-21
9.463657e+02 1.937088e-21
9.464847e+02 1.939004e-21
9.466038e+02 1.931842e-21
9.467229e+02 1.908605e-21
9.468419e+02 1.895398e-21
9.469610e+02 1.900647e-21
9.470800e+02 1.911375e-21
9.471991e+02 1.924775e-21
9.473182e+02 1.908638e-21
9.474372e+02 1.893146e-21
9.475563e+02 1.879566e-21
9.476753e+02 1.885277e-21
9.477944e+02 1.902184e-21
9.479135e+02 1.915143e-21
9.480325e+02 1.918931e-21
9.481516e+02 1.898831e-21
9.482706e+02 1.895056e-21
9.483897e+02 1.902473e-21
9.485088e+02 1.930499e-21
9.486278e+02 1.952431e-21
9.487469e+02 1.947963e-21
9.488659e+02 1.934695e-21
9.489850e+02 1.914337e-21
9.491041e+02 1.922398e-21
9.492231e+02 1.934135e-21
9.493422e+02 1.944119e-21
9.494612e+02 1.940486e-21
9.495803e+02 1.923993e-21
9.496993e+02 1.914618e-21
9.498184e+02 1.910808e-21
9.499375e+02 1.929710e-21
9.500565e+02 1.944869e-21
9.501756e+02 1.955887e-21
9.502946e+02 1.938723e-21
9.504137e+02 1.917463e-21
9.505328e+02 1.920582e-21
9.506518e+02 1.930904e-21
9.507709e+02 1.950570e-21
9.508899e+02 1.945960e-21
9.510090e+02 1.933074e-21
9.511281e+02 1.915095e-21
9.512471e+02 1.910695e-21
9.513662e+02 1.927026e-21
9.514852e+02 1.945176e-21
9.516043e+02 1.962854e-21
9.517234e+02 1.948675e-21
9.518424e+02 1.940609e-21
9.519615e+02 1.943586e-21
9.520805e+02 1.966767e-21
9.521996e+02 1.999612e-21
9.523187e+02 2.013845e-21
9.524377e+02 2.018819e-21
9.525568e+02 2.003963e-21
9.526758e+02 2.004402e-21
9.527949e+02 2.013557e-21
9.529140e+02 2.037018e-21
9.530330e+02 2.052857e-21
9.531521e+02 2.047163e-21
9.532711e+02 2.032708e-21
9.533902e+02 2.012351e-21
9.535093e+02 2.026316e-21
9.536283e+02 2.045043e-21
9.537474e+02 2.069163e-21
9.538664e+02 2.075757e-21
9.539855e+02 2.068468e-21
9.541046e+02 2.062944e-21
9.542236e+02 2.064903e-21
9.543427e+02 2.096118e-21
9.544617e+02 2.114944e-21
9.545808e+02 2.122262e-21
9.546998e+02 2.107142e-21
9.548189e+02 2.091247e-21
9.549380e+02 2.094107e-21
9.550570e+02 2.099313e-21
9.551761e+02 2.107072e-21
9.552951e+02 2.116509e-21
9.554142e+02 2.126004e-21
9.555333e+02 2.132810e-21
9.556523e+02 2.139948e-21
9.557714e+02 2.147512e-21
9.558904e+02 2.154200e-21
9.560095e+02 2.160190e-21
9.561286e+02 2.161321e-21
9.562476e+02 2.160096e-21
9.563667e+02 2.155338e-21
9.564857e+02 2.148906e-21
9.566048e+02 2.142113e-21
9.567239e+02 2.142181e-21
9.568429e+02 2.141430e-21
9.569620e+02 2.139228e-21
9.570810e+02 2.139190e-21
9.572001e+02 2.140170e-21
9.573192e+02 2.145525e-21
9.574382e+02 2.153661e-21
9.575573e+02 2.167682e-21
9.576763e+02 2.177847e-21
9.577954e+02 2.185853e-21
9.579145e+02 2.196064e-21
9.580335e+02 2.206513e-21
9.581526e+02 2.217346e-21
9.582716e+02 2.226468e-21
9.583907e+02 2.234457e-21
9.585098e+02 2.244969e-21
9.586288e+02 2.256103e-21
9.587479e+02 2.268518e-21
9.588669e+02 2.280307e-21
9.589860e+02 2.291609e-21
9.591051e+02 2.298410e-21
9.592241e+02 2.303807e-21
9.593432e+02 2.306041e-21
9.594622e+02 2.309340e-21
9.595813e+02 2.313613e-21
9.597004e+02 2.321719e-21
9.598194e+02 2.329797e-21
9.599385e+02 2.334053e-21
9.600575e+02 2.339468e-21
9.601766e+02 2.346125e-21
9.602956e+02 2.357764e-21
9.604147e+02 2.371280e-21
9.605338e+02 2.389451e-21
9.606528e+02 2.403484e-21
9.607719e+02 2.412329e-21
9.608909e+02 2.422278e-21
9.610100e+02 2.433186e-21
9.611291e+02 2.450832e-21
9.612481e+02 2.461597e-21
9.613672e+02 2.462218e-21
9.614862e+02 2.469411e-21
9.616053e+02 2.479443e-21
9.617244e+02 2.496707e-21
9.618434e+02 2.514315e-21
9.619625e+02 2.532520e-21
9.620815e+02 2.542072e-21
9.622006e+02 2.547660e-21
9.623197e+02 2.556713e-21
9.624387e+02 2.566860e-21
9.625578e+02 2.579277e-21
9.626768e+02 2.596122e-21
9.627959e+02 2.615401e-21
9.629150e+02 2.633021e-21
9.630340e+02 2.651296e-21
9.631531e+02 2.671357e-21
9.632721e+02 2.698276e-21
9.633912e+02 2.729657e-21
9.635103e+02 2.762910e-21
9.636293e+02 2.799440e-21
9.637484e+02 2.845547e-21
9.638674e+02 2.898109e-21
9.639865e+02 2.955612e-21
9.641056e+02 3.023170e-21
9.642246e+02 3.094668e-21
9.643437e+02 3.176345e-21
9.644627e+02 3.256720e-21
9.645818e+02 3.335926e-21
9.647009e+02 3.402051e-21
9.648199e+02 3.458935e-21
9.649390e+02 3.481560e-21
9.650580e+02 3.477774e-21
9.651771e+02 3.446210e-21
9.652961e+02 3.398960e-21
9.654152e+02 3.347963e-21
9.655343e+02 3.296912e-21
9.656533e+02 3.247154e-21
9.657724e+02 3.198989e-21
9.658914e+02 3.163177e-21
9.660105e+02 3.132446e-21
9.661296e+02 3.115669e-21
9.662486e+02 3.101119e-21
9.663677e+02 3.089794e-21
9.664867e+02 3.077988e-21
9.666058e+02 3.066470e-21
9.667249e+02 3.064090e-21
9.668439e+02 3.065537e-21
9.669630e+02 3.073531e-21
9.670820e+02 3.082486e-21
9.672011e+02 3.091755e-21
9.673202e+02 3.088174e-21
9.674392e+02 3.086121e-21
9.675583e+02 3.087181e-21
9.676773e+02 3.092389e-21
9.677964e+02 3.099835e-21
9.679155e+02 3.108410e-21
9.680345e+02 3.117345e-21
9.681536e+02 3.127072e-21
9.682726e+02 3.141002e-21
9.683917e+02 3.157618e-21
9.685108e+02 3.176908e-21
9.686298e+02 3.190955e-21
9.687489e+02 3.188708e-21
9.688679e+02 3.192043e-21
9.689870e+02 3.199580e-21
9.691061e+02 3.209714e-21
9.692251e+02 3.219093e-21
9.693442e+02 3.224449e-21
9.694632e+02 3.227626e-21
9.695823e+02 3.228879e-21
9.697014e+02 3.239738e-21
9.698204e+02 3.251490e-21
9.699395e+02 3.259447e-21
9.700585e+02 3.263327e-21
9.701776e+02 3.262990e-21
9.702966e+02 3.267029e-21
9.704157e+02 3.272733e-21
9.705348e+02 3.282710e-21
9.706538e+02 3.290835e-21
9.707729e+02 3.296717e-21
9.708919e+02 3.304568e-21
9.710110e+02 3.312842e-21
9.711301e+02 3.319569e-21
9.712491e+02 3.327417e-21
9.713682e+02 3.336861e-21
9.714872e+02 3.348932e-21
9.716063e+02 3.361752e-21
9.717254e+02 3.370831e-21
9.718444e+02 3.382577e-21
9.719635e+02 3.398803e-21
9.720825e+02 3.418246e-21
9.722016e+02 3.439066e-21
9.723207e+02 3.456567e-21
9.724397e+02 3.475312e-21
9.725588e+02 3.496539e-21
9.726778e+02 3.515189e-21
9.727969e+02 3.532474e-21
9.729160e+02 3.560432e-21
9.730350e+02 3.606722e-21
9.731541e+02 3.666668e-21
9.732731e+02 3.726131e-21
9.733922e+02 3.701295e-21
9.735113e+02 3.779144e-21
9.736303e+02 3.782995e-21
9.737494e+02 3.805166e-21
9.738684e+02 3.836519e-21
9.739875e+02 3.913615e-21
9.741066e+02 3.908936e-21
9.742256e+02 3.964966e-21
9.743447e+02 3.969889e-21
9.744637e+02 3.984629e-21
9.745828e+02 4.053104e-21
9.747019e+02 4.046589e-21
9.748209e+02 4.114440e-21
9.749400e+02 4.188532e-21
9.750590e+02 4.238799e-21
9.751781e+02 4.330298e-21
9.752971e+02 4.306887e-21
9.754162e+02 4.304090e-21
9.755353e+02 4.416689e-21
9.756543e+02 4.524546e-21
9.757734e+02 4.503110e-21
9.758924e+02 4.483543e-21
9.760115e+02 4.488351e-21
9.761306e+02 4.737833e-21
9.762496e+02 4.722233e-21
9.763687e+02 4.697665e-21
9.764877e+02 4.738020e-21
9.766068e+02 4.809109e-21
9.767259e+02 4.916052e-21
9.768449e+02 4.929312e-21
9.769640e+02 5.036482e-21
9.770830e+02 5.039533e-21
9.772021e+02 5.182509e-21
9.773212e+02 5.163429e-21
9.774402e+02 5.169298e-21
9.775593e+02 5.265228e-21
9.776783e+02 5.377109e-21
9.777974e+02 5.354282e-21
9.779165e+02 5.329345e-21
9.780355e+02 5.330653e-21
9.781546e+02 5.397026e-21
9.782736e+02 5.545557e-21
9.783927e+02 5.514776e-21
9.785118e+02 5.527287e-21
9.786308e+02 5.578374e-21
9.787499e+02 5.682881e-21
9.788689e+02 5.663233e-21
9.789880e+02 5.662396e-21
9.791071e+02 5.643633e-21
9.792261e+02 5.718891e-21
9.793452e+02 5.701212e-21
9.794642e+02 5.674887e-21
9.795833e+02 5.658116e-21
9.797024e+02 5.727032e-21
9.798214e+02 5.689750e-21
9.799405e+02 5.658541e-21
9.800595e+02 5.627590e-21
9.801786e+02 5.601977e-21
9.802976e+02 5.607746e-21
9.804167e+02 5.563578e-21
9.805358e+02 5.484912e-21
9.806548e+02 5.448196e-21
9.807739e+02 5.410194e-21
9.808929e+02 5.351941e-21
9.810120e+02 5.292900e-21
9.811311e+02 5.245903e-21
9.812501e+02 5.211330e-21
9.813692e+02 5.105499e-21
9.814882e+02 5.047549e-21
9.816073e+02 5.005486e-21
9.817264e+02 4.937087e-21
9.818454e+02 4.892056e-21
9.819645e+02 4.808974e-21
9.820835e+02 4.755720e-21
9.822026e+02 4.713729e-21
9.823217e+02 4.662122e-21
9.824407e+02 4.550928e-21
9.825598e+02 4.484322e-21
9.826788e+02 4.374128e-21
9.827979e+02 4.342320e-21
9.829170e+02 4.315127e-21
9.830360e+02 4.222079e-21
9.831551e+02 4.153477e-21
9.832741e+02 4.123672e-21
9.833932e+02 4.091426e-21
9.835123e+02 4.021793e-21
9.836313e+02 3.974073e-21
9.837504e+02 3.888197e-21
9.838694e+02 3.862203e-21
9.839885e+02 3.832087e-21
9.841076e+02 3.766827e-21
9.842266e+02 3.708064e-21
9.843457e+02 3.665950e-21
9.844647e+02 3.635918e-21
9.845838e+02 3.605117e-21
9.847029e+02 3.558230e-21
9.848219e+02 3.510919e-21
9.849410e+02 3.479025e-21
9.850600e+02 3.447278e-21
9.851791e+02 3.410257e-21
9.852981e+02 3.380288e-21
9.854172e+02 3.337816e-21
9.855363e+02 3.302267e-21
9.856553e+02 3.276819e-21
9.857744e+02 3.254636e-21
9.858934e+02 3.215215e-21
9.860125e+02 3.184999e-21
9.861316e+02 3.153618e-21
9.862506e+02 3.131946e-21
9.863697e+02 3.102866e-21
9.864887e+02 3.070569e-21
9.866078e+02 3.041794e-21
9.867269e+02 3.018507e-21
9.868459e+02 2.995796e-21
9.869650e+02 2.961241e-21
9.870840e+02 2.935137e-21
9.872031e+02 2.913023e-21
9.873222e+02 2.895612e-21
9.874412e+02 2.873361e-21
9.875603e+02 2.847218e-21
9.876793e+02 2.815857e-21
9.877984e+02 2.794170e-21
9.879175e+02 2.766864e-21
9.880365e+02 2.743124e-21
9.881556e+02 2.723280e-21
9.882746e+02 2.705965e-21
9.883937e+02 2.685124e-21
9.885128e+02 2.657979e-21
9.886318e+02 2.632791e-21
9.887509e+02 2.610174e-21
9.888699e+02 2.595071e-21
9.889890e+02 2.572673e-21
9.891081e+02 2.547883e-21
9.892271e+02 2.526246e-21
9.893462e+02 2.508413e-21
9.894652e+02 2.466610e-21
9.895843e+02 2.449814e-21
9.897034e+02 2.433344e-21
9.898224e+02 2.414698e-21
9.899415e+02 2.380658e-21
9.900605e+02 2.359973e-21
9.901796e+02 2.340330e-21
9.902986e+02 2.319564e-21
9.904177e+02 2.281800e-21
9.905368e+02 2.252942e-21
9.906558e+02 2.235316e-21
9.907749e+02 2.219380e-21
9.908939e+02 2.198566e-21
9.910130e+02 2.177803e-21
9.911321e+02 2.148793e-21
9.912511e+02 2.126076e-21
9.913702e+02 2.090650e-21
9.914892e+02 2.063264e-21
9.916083e+02 2.042941e-21
9.917274e+02 2.027077e-21
9.918464e+02 2.009161e-21
9.919655e+02 1.986727e-21
9.920845e+02 1.967724e-21
9.922036e+02 1.950710e-21
9.923227e+02 1.931304e-21
9.924417e+02 1.899324e-21
9.925608e+02 1.868089e-21
9.926798e+02 1.851013e-21
9.927989e+02 1.830749e-21
9.929180e+02 1.783487e-21
9.930370e+02 1.760291e-21
9.931561e+02 1.745994e-21
9.932751e+02 1.731175e-21
9.933942e+02 1.709423e-21
9.935133e+02 1.684745e-21
9.936323e+02 1.667297e-21
9.937514e+02 1.655038e-21
9.938704e+02 1.641946e-21
9.939895e+02 1.612257e-21
9.941086e+02 1.577267e-21
9.942276e+02 1.555067e-21
9.943467e+02 1.540992e-21
9.944657e+02 1.525385e-21
9.945848e+02 1.506694e-21
9.947039e+02 1.494777e-21
9.948229e+02 1.473222e-21
9.949420e+02 1.459714e-21
9.950610e+02 1.446435e-21
9.951801e+02 1.432503e-21
9.952991e+02 1.420394e-21
9.954182e+02 1.397716e-21
9.955373e+02 1.385133e-21
9.956563e+02 1.374472e-21
9.957754e+02 1.362823e-21
9.958944e+02 1.347884e-21
9.960135e+02 1.329899e-21
9.961326e+02 1.319455e-21
9.962516e+02 1.309052e-21
9.963707e+02 1.297861e-21
9.964897e+02 1.284754e-21
9.966088e+02 1.265968e-21
9.967279e+02 1.257350e-21
9.968469e+02 1.245441e-21
9.969660e+02 1.230979e-21
9.970850e+02 1.222047e-21
9.972041e+02 1.213161e-21
9.973232e+02 1.201583e-21
9.974422e+02 1.184501e-21
9.975613e+02 1.173149e-21
9.976803e+02 1.164896e-21
9.977994e+02 1.156041e-21
9.979185e+02 1.143839e-21
9.980375e+02 1.132034e-21
9.981566e+02 1.123949e-21
9.982756e+02 1.114549e-21
9.983947e+02 1.099779e-21
9.985138e+02 1.092246e-21
9.986328e+02 1.084787e-21
9.987519e+02 1.077475e-21
9.988709e+02 1.066644e-21
9.989900e+02 1.056883e-21
9.991091e+02 1.048310e-21
9.992281e+02 1.038661e-21
9.993472e+02 1.028479e-21
9.994662e+02 1.018029e-21
9.995853e+02 1.009389e-21
9.997044e+02 1.003418e-21
9.998234e+02 9.958638e-22
9.999425e+02 9.871450e-22
1.000062e+03 9.772618e-22
1.000181e+03 9.652956e-22
1.000300e+03 9.567450e-22
1.000419e+03 9.489580e-22
1.000538e+03 9.435513e-22
1.000657e+03 9.365206e-22
1.000776e+03 9.284779e-22
1.000895e+03 9.187651e-22
1.001014e+03 9.121584e-22
1.001133e+03 9.056809e-22
1.001252e+03 8.987301e-22
1.001371e+03 8.919709e-22
1.001490e+03 8.857372e-22
1.001609e+03 8.792000e-22
1.001728e+03 8.742807e-22
1.001847e+03 8.664228e-22
1.001966e+03 8.562086e-22
1.002086e+03 8.512131e-22
1.002205e+03 8.462749e-22
1.002324e+03 8.412604e-22
1.002443e+03 8.351586e-22
1.002562e+03 8.303896e-22
1.002681e+03 8.246501e-22
1.002800e+03 8.185758e-22
1.002919e+03 8.114531e-22
1.003038e+03 8.056952e-22
1.003157e+03 7.991634e-22
1.003276e+03 7.945476e-22
1.003395e+03 7.899491e-22
1.003514e+03 7.853783e-22
1.003633e+03 7.808350e-22
1.003752e+03 7.761312e-22
1.003871e+03 7.693447e-22
1.003990e+03 7.637835e-22
1.004110e+03 7.593729e-22
1.004229e+03 7.549852e-22
1.004348e+03 7.506239e-22
1.004467e+03 7.462889e-22
1.004586e+03 7.419799e-22
1.004705e+03 7.376967e-22
1.004824e+03 7.334394e-22
1.004943e+03 7.292076e-22
1.005062e+03 7.250012e-22
1.005181e+03 7.208200e-22
1.005300e+03 7.166640e-22
1.005419e+03 7.125328e-22
1.005538e+03 7.084265e-22
1.005657e+03 7.043351e-22
1.005776e+03 7.008805e-22
1.005895e+03 6.984154e-22
1.006015e+03 6.955475e-22
1.006134e+03 6.914886e-22
1.006253e+03 6.875091e-22
1.006372e+03 6.835536e-22
1.006491e+03 6.796158e-22
1.006610e+03 6.761610e-22
1.006729e+03 6.740995e-22
1.006848e+03 6.721067e-22
1.006967e+03 6.694741e-22
1.007086e+03 6.664624e-22
1.007205e+03 6.625621e-22
1.007324e+03 6.596736e-22
1.007443e+03 6.559768e-22
1.007562e+03 6.532574e-22
1.007681e+03 6.502509e-22
1.007800e+03 6.478520e-22
1.007919e+03 6.462076e-22
1.008039e+03 6.432817e-22
1.008158e+03 6.405886e-22
1.008277e+03 6.368877e-22
1.008396e+03 6.332381e-22
1.008515e+03 6.296885e-22
1.008634e+03 6.269283e-22
1.008753e+03 6.242624e-22
1.008872e+03 6.227008e-22
1.008991e+03 6.206711e-22
1.009110e+03 6.182987e-22
1.009229e+03 6.157338e-22
1.009348e+03 6.131819e-22
1.009467e+03 6.105225e-22
1.009586e+03 6.078490e-22
1.009705e+03 6.052141e-22
1.009824e+03 6.020885e-22
1.009943e+03 5.990039e-22
1.010063e+03 5.963678e-22
1.010182e+03 5.927549e-22
1.010301e+03 5.931338e-22
1.010420e+03 5.905043e-22
1.010539e+03 5.875882e-22
1.010658e+03 5.842244e-22
1.010777e+03 5.808923e-22
1.010896e+03 5.775542e-22
1.011015e+03 5.751287e-22
1.011134e+03 5.725732e-22
1.011253e+03 5.705713e-22
1.011372e+03 5.683491e-22
1.011491e+03 5.662792e-22
1.011610e+03 5.639032e-22
1.011729e+03 5.606104e-22
1.011848e+03 5.585789e-22
1.011967e+03 5.561433e-22
1.012087e+03 5.535775e-22
1.012206e+03 5.512117e-22
1.012325e+03 5.487531e-22
1.012444e+03 5.462687e-22
1.012563e+03 5.433799e-22
1.012682e+03 5.415778e-22
1.012801e+03 5.400093e-22
1.012920e+03 5.385794e-22
1.013039e+03 5.358083e-22
1.013158e+03 5.327436e-22
1.013277e+03 5.297075e-22
1.013396e+03 5.270471e-22
1.013515e+03 5.244885e-22
1.013634e+03 5.214757e-22
1.013753e+03 5.192524e-22
1.013872e+03 5.185587e-22
1.013991e+03 5.166699e-22
1.014111e+03 5.142165e-22
1.014230e+03 5.119899e-22
1.014349e+03 5.098113e-22
1.014468e+03 5.074832e-22
1.014587e+03 5.062055e-22
1.014706e+03 5.032959e-22
1.014825e+03 5.012957e-22
1.014944e+03 4.991966e-22
1.015063e+03 4.969631e-22
1.015182e+03 4.947861e-22
1.015301e+03 4.926618e-22
1.015420e+03 4.902879e-22
1.015539e+03 4.878162e-22
1.015658e+03 4.850518e-22
1.015777e+03 4.823123e-22
1.015896e+03 4.795890e-22
1.016016e+03 4.768817e-22
1.016135e+03 4.741903e-22
1.016254e+03 4.715147e-22
1.016373e+03 4.688548e-22
1.016492e+03 4.662105e-22
1.016611e+03 4.635818e-22
1.016730e+03 4.609685e-22
1.016849e+03 4.583706e-22
1.016968e+03 4.557878e-22
1.017087e+03 4.532203e-22
1.017206e+03 4.506678e-22
1.017325e+03 4.481303e-22
1.017444e+03 4.456076e-22
1.017563e+03 4.430997e-22
1.017682e+03 4.405717e-22
1.017801e+03 4.375166e-22
1.017920e+03 4.345073e-22
1.018040e+03 4.315874e-22
1.018159e+03 4.289831e-22
1.018278e+03 4.265722e-22
1.018397e+03 4.241754e-22
1.018516e+03 4.217036e-22
1.018635e+03 4.188384e-22
1.018754e+03 4.158708e-22
1.018873e+03 4.130905e-22
1.018992e+03 4.106560e-22
1.019111e+03 4.082887e-22
1.019230e+03 4.054921e-22
1.019349e+03 4.026558e-22
1.019468e+03 3.999617e-22
1.019587e+03 3.973248e-22
1.019706e+03 3.947158e-22
1.019825e+03 3.910736e-22
1.019944e+03 3.885789e-22
1.020064e+03 3.859536e-22
1.020183e+03 3.832977e-22
1.020302e+03 3.806121e-22
1.020421e+03 3.777993e-22
1.020540e+03 3.750450e-22
1.020659e+03 3.723366e-22
1.020778e+03 3.689677e-22
1.020897e+03 3.658686e-22
1.021016e+03 3.638037e-22
1.021135e+03 3.614747e-22
1.021254e+03 3.586877e-22
1.021373e+03 3.556758e-22
1.021492e+03 3.527148e-22
1.021611e+03 3.506830e-22
1.021730e+03 3.487626e-22
1.021849e+03 3.459491e-22
1.021968e+03 3.438439e-22
1.022088e+03 3.418767e-22
1.022207e+03 3.395143e-22
1.022326e+03 3.371530e-22
1.022445e+03 3.352599e-22
1.022564e+03 3.333914e-22
1.022683e+03 3.314287e-22
1.022802e+03 3.286785e-22
1.022921e+03 3.264267e-22
1.023040e+03 3.242178e-22
1.023159e+03 3.224786e-22
1.023278e+03 3.209415e-22
1.023397e+03 3.187018e-22
1.023516e+03 3.168672e-22
1.023635e+03 3.147286e-22
1.023754e+03 3.125059e-22
1.023873e+03 3.105834e-22
1.023992e+03 3.088198e-22
1.024112e+03 3.071039e-22
1.024231e+03 3.053873e-22
1.024350e+03 3.043916e-22
1.024469e+03 3.030601e-22
1.024588e+03 3.014515e-22
1.024707e+03 2.997784e-22
1.024826e+03 2.981151e-22
1.024945e+03 2.964376e-22
1.025064e+03 2.951743e-22
1.025183e+03 2.937679e-22
1.025302e+03 2.941772e-22
1.025421e+03 2.925016e-22
1.025540e+03 2.911782e-22
1.025659e+03 2.901371e-22
1.025778e+03 2.885096e-22
1.025897e+03 2.869001e-22
1.026017e+03 2.855907e-22
1.026136e+03 2.845765e-22
1.026255e+03 2.838537e-22
1.026374e+03 2.826733e-22
1.026493e+03 2.810767e-22
1.026612e+03 2.800624e-22
1.026731e+03 2.790635e-22
1.026850e+03 2.780780e-22
1.026969e+03 2.769220e-22
1.027088e+03 2.756861e-22
1.027207e+03 2.746538e-22
1.027326e+03 2.743004e-22
1.027445e+03 2.731442e-22
1.027564e+03 2.720257e-22
1.027683e+03 2.710878e-22
1.027802e+03 2.702298e-22
1.027921e+03 2.694799e-22
1.028041e+03 2.686449e-22
1.028160e+03 2.676105e-22
1.028279e+03 2.667526e-22
1.028398e+03 2.662412e-22
1.028517e+03 2.651109e-22
1.028636e+03 2.639478e-22
1.028755e+03 2.628951e-22
1.028874e+03 2.630105e-22
1.028993e+03 2.617932e-22
1.029112e+03 2.604948e-22
1.029231e+03 2.593609e-22
1.029350e+03 2.582755e-22
1.029469e+03 2.571551e-22
1.029588e+03 2.560126e-22
1.029707e+03 2.548038e-22
1.029826e+03 2.536999e-22
1.029945e+03 2.526468e-22
1.030065e+03 2.512468e-22
1.030184e+03 2.498671e-22
1.030303e+03 2.484953e-22
1.030422e+03 2.471314e-22
1.030541e+03 2.457753e-22
1.030660e+03 2.444269e-22
1.030779e+03 2.430862e-22
1.030898e+03 2.417532e-22
1.031017e+03 2.404278e-22
1.031136e+03 2.391100e-22
1.031255e+03 2.377996e-22
1.031374e+03 2.364968e-22
1.031493e+03 2.352098e-22
1.031612e+03 2.336914e-22
1.031731e+03 2.320774e-22
1.031850e+03 2.304026e-22
1.031969e+03 2.291512e-22
1.032089e+03 2.279048e-22
1.032208e+03 2.264332e-22
1.032327e+03 2.251125e-22
1.032446e+03 2.235829e-22
1.032565e+03 2.220222e-22
1.032684e+03 2.204108e-22
1.032803e+03 2.188566e-22
1.032922e+03 2.171981e-22
1.033041e+03 2.160200e-22
1.033160e+03 2.145462e-22
1.033279e+03 2.129407e-22
1.033398e+03 2.113249e-22
1.033517e+03 2.095699e-22
1.033636e+03 2.081929e-22
1.033755e+03 2.067264e-22
1.033874e+03 2.051819e-22
1.033993e+03 2.035881e-22
1.034113e+03 2.023358e-22
1.034232e+03 2.007731e-22
1.034351e+03 1.988618e-22
1.034470e+03 1.972964e-22
1.034589e+03 1.956836e-22
1.034708e+03 1.941802e-22
1.034827e+03 1.924827e-22
1.034946e+03 1.914813e-22
1.035065e+03 1.900496e-22
1.035184e+03 1.886174e-22
1.035303e+03 1.872133e-22
1.035422e+03 1.855060e-22
1.035541e+03 1.838115e-22
1.035660e+03 1.815144e-22
1.035779e+03 1.801120e-22
1.035898e+03 1.788967e-22
1.036018e+03 1.774166e-22
1.036137e+03 1.758861e-22
1.036256e+03 1.743273e-22
1.036375e+03 1.729011e-22
1.036494e+03 1.713658e-22
1.036613e+03 1.694279e-22
1.036732e+03 1.678730e-22
1.036851e+03 1.665265e-22
1.036970e+03 1.653942e-22
1.037089e+03 1.634226e-22
1.037208e+03 1.617206e-22
1.037327e+03 1.603037e-22
1.037446e+03 1.589854e-22
1.037565e+03 1.579005e-22
1.037684e+03 1.560361e-22
1.037803e+03 1.546004e-22
1.037922e+03 1.535616e-22
1.038042e+03 1.518506e-22
1.038161e+03 1.500753e-22
1.038280e+03 1.483857e-22
1.038399e+03 1.470541e-22
1.038518e+03 1.463022e-22
1.038637e+03 1.448818e-22
1.038756e+03 1.435647e-22
1.038875e+03 1.423104e-22
1.038994e+03 1.411986e-22
1.039113e+03 1.402376e-22
1.039232e+03 1.384885e-22
1.039351e+03 1.373259e-22
1.039470e+03 1.363882e-22
1.039589e+03 1.353157e-22
1.039708e+03 1.341828e-22
1.039827e+03 1.327906e-22
1.039946e+03 1.316352e-22
1.040066e+03 1.300609e-22
1.040185e+03 1.289308e-22
1.040304e+03 1.280188e-22
1.040423e+03 1.271583e-22
1.040542e+03 1.263158e-22
1.040661e+03 1.249877e-22
1.040780e+03 1.236980e-22
1.040899e+03 1.225936e-22
1.041018e+03 1.214338e-22
1.041137e+03 1.202137e-22
1.041256e+03 1.192288e-22
1.041375e+03 1.182065e-22
1.041494e+03 1.175018e-22
1.041613e+03 1.165180e-22
1.041732e+03 1.157182e-22
1.041851e+03 1.149770e-22
1.041970e+03 1.141741e-22
1.042090e+03 1.131884e-22
1.042209e+03 1.122314e-22
1.042328e+03 1.115598e-22
1.042447e+03 1.109615e-22
1.042566e+03 1.103696e-22
1.042685e+03 1.093963e-22
1.042804e+03 1.088033e-22
1.042923e+03 1.082203e-22
1.043042e+03 1.076104e-22
1.043161e+03 1.063164e-22
1.043280e+03 1.054869e-22
1.043399e+03 1.047902e-22
1.043518e+03 1.042349e-22
1.043637e+03 1.036772e-22
1.043756e+03 1.031225e-22
1.043875e+03 1.025710e-22
1.043994e+03 1.020335e-22
1.044114e+03 1.011228e-22
1.044233e+03 1.000257e-22
1.044352e+03 9.944640e-23
1.044471e+03 9.883400e-23
1.044590e+03 9.817155e-23
1.044709e+03 9.764949e-23
1.044828e+03 9.710324e-23
1.044947e+03 9.642088e-23
1.045066e+03 9.592260e-23
1.045185e+03 9.512987e-23
1.045304e+03 9.448630e-23
1.045423e+03 9.387279e-23
1.045542e+03 9.337780e-23
1.045661e+03 9.288122e-23
1.045780e+03 9.232067e-23
1.045899e+03 9.180694e-23
1.046019e+03 9.130012e-23
1.046138e+03 9.067048e-23
1.046257e+03 9.002061e-23
1.046376e+03 8.942327e-23
1.046495e+03 8.884083e-23
1.046614e+03 8.825346e-23
1.046733e+03 8.753626e-23
1.046852e+03 8.700671e-23
1.046971e+03 8.654160e-23
1.047090e+03 8.592406e-23
1.047209e+03 8.546934e-23
1.047328e+03 8.501520e-23
1.047447e+03 8.456358e-23
1.047566e+03 8.411031e-23
1.047685e+03 8.335919e-23
1.047804e+03 8.291836e-23
1.047923e+03 8.239999e-23
1.048043e+03 8.188700e-23
1.048162e+03 8.145395e-23
1.048281e+03 8.102194e-23
1.048400e+03 8.060137e-23
1.048519e+03 7.985844e-23
1.048638e+03 7.930068e-23
1.048757e+03 7.887311e-23
1.048876e+03 7.845525e-23
1.048995e+03 7.803971e-23
1.049114e+03 7.763712e-23
1.049233e+03 7.695054e-23
1.049352e+03 7.652147e-23
1.049471e+03 7.607592e-23
1.049590e+03 7.557045e-23
1.049709e+03 7.517238e-23
1.049828e+03 7.477967e-23
1.049947e+03 7.428324e-23
1.050067e+03 7.376882e-23
1.050186e+03 7.316816e-23
1.050305e+03 7.250276e-23
1.050424e+03 7.211365e-23
1.050543e+03 7.162536e-23
1.050662e+03 7.096951e-23
1.050781e+03 7.027083e-23
1.050900e+03 6.981943e-23
1.051019e+03 6.943312e-23
1.051138e+03 6.895581e-23
1.051257e+03 6.844992e-23
1.051376e+03 6.809710e-23
1.051495e+03 6.761761e-23
1.051614e+03 6.708451e-23
1.051733e+03 6.650545e-23
1.051852e+03 6.602230e-23
1.051971e+03 6.566548e-23
1.052091e+03 6.494926e-23
1.052210e+03 6.449449e-23
1.052329e+03 6.406930e-23
1.052448e+03 6.363016e-23
1.052567e+03 6.307595e-23
1.052686e+03 6.246310e-23
1.052805e+03 6.195429e-23
1.052924e+03 6.161967e-23
1.053043e+03 6.118609e-23
1.053162e+03 6.046251e-23
1.053281e+03 5.993034e-23
1.053400e+03 5.949944e-23
1.053519e+03 5.890970e-23
1.053638e+03 5.825460e-23
1.053757e+03 5.747610e-23
1.053876e+03 5.697187e-23
1.053995e+03 5.659948e-23
1.054115e+03 5.595952e-23
1.054234e+03 5.522754e-23
1.054353e+03 5.487280e-23
1.054472e+03 5.444739e-23
1.054591e+03 5.390920e-23
1.054710e+03 5.294907e-23
1.054829e+03 5.260636e-23
1.054948e+03 5.214622e-23
1.055067e+03 5.170615e-23
1.055186e+03 5.119173e-23
1.055305e+03 5.066006e-23
1.055424e+03 5.031915e-23
1.055543e+03 4.964588e-23
1.055662e+03 4.890314e-23
1.055781e+03 4.833680e-23
1.055900e+03 4.779609e-23
1.056020e+03 4.722595e-23
1.056139e+03 4.650123e-23
1.056258e+03 4.593501e-23
1.056377e+03 4.563569e-23
1.056496e+03 4.493555e-23
1.056615e+03 4.424989e-23
1.056734e+03 4.385257e-23
1.056853e+03 4.348287e-23
1.056972e+03 4.280362e-23
1.057091e+03 4.220188e-23
1.057210e+03 4.168087e-23
1.057329e+03 4.110128e-23
1.057448e+03 4.049356e-23
1.057567e+03 3.972187e-23
1.057686e+03 3.896515e-23
1.057805e+03 3.867973e-23
1.057924e+03 3.834691e-23
1.058044e+03 3.791359e-23
1.058163e+03 3.726605e-23
1.058282e+03 3.681189e-23
1.058401e+03 3.643197e-23
1.058520e+03 3.597215e-23
1.058639e+03 3.545446e-23
1.058758e+03 3.484992e-23
1.058877e+03 3.469840e-23
1.058996e+03 3.419244e-23
1.059115e+03 3.372406e-23
1.059234e+03 3.300160e-23
1.059353e+03 3.270802e-23
1.059472e+03 3.235531e-23
1.059591e+03 3.194795e-23
1.059710e+03 3.153053e-23
1.059829e+03 3.116634e-23
1.059948e+03 3.076540e-23
1.060068e+03 3.041495e-23
1.060187e+03 3.000932e-23
1.060306e+03 2.961011e-23
1.060425e+03 2.939213e-23
1.060544e+03 2.898243e-23
1.060663e+03 2.860395e-23
1.060782e+03 2.814078e-23
1.060901e+03 2.770227e-23
1.061020e+03 2.712651e-23
1.061139e+03 2.694383e-23
1.061258e+03 2.671572e-23
1.061377e+03 2.651896e-23
1.061496e+03 2.608940e-23
1.061615e+03 2.571202e-23
1.061734e+03 2.537674e-23
1.061853e+03 2.509712e-23
1.061972e+03 2.446681e-23
1.062092e+03 2.418133e-23
1.062211e+03 2.399139e-23
1.062330e+03 2.379484e-23
1.062449e+03 2.360088e-23
1.062568e+03 2.327633e-23
1.062687e+03 2.294203e-23
1.062806e+03 2.255586e-23
1.062925e+03 2.221788e-23
1.063044e+03 2.195262e-23
1.063163e+03 2.172315e-23
1.063282e+03 2.147185e-23
1.063401e+03 2.120428e-23
1.063520e+03 2.099415e-23
1.063639e+03 2.075354e-23
1.063758e+03 2.048941e-23
1.063877e+03 2.032406e-23
1.063996e+03 1.995511e-23
1.064116e+03 1.967434e-23
1.064235e+03 1.940425e-23
1.064354e+03 1.915469e-23
1.064473e+03 1.899398e-23
1.064592e+03 1.858612e-23
1.064711e+03 1.834766e-23
1.064830e+03 1.819340e-23
1.064949e+03 1.796278e-23
1.065068e+03 1.782215e-23
1.065187e+03 1.766944e-23
1.065306e+03 1.745380e-23
1.065425e+03 1.730700e-23
1.065544e+03 1.702570e-23
1.065663e+03 1.687875e-23
1.065782e+03 1.673147e-23
1.065901e+03 1.653125e-23
1.066021e+03 1.630637e-23
1.066140e+03 1.616393e-23
1.066259e+03 1.601697e-23
1.066378e+03 1.573129e-23
1.066497e+03 1.554750e-23
1.066616e+03 1.540514e-23
1.066735e+03 1.527423e-23
1.066854e+03 1.513601e-23
1.066973e+03 1.488008e-23
1.067092e+03 1.469472e-23
1.067211e+03 1.454326e-23
1.067330e+03 1.436295e-23
1.067449e+03 1.422897e-23
1.067568e+03 1.407001e-23
1.067687e+03 1.398666e-23
1.067806e+03 1.389005e-23
1.067925e+03 1.370663e-23
1.068045e+03 1.348835e-23
1.068164e+03 1.329344e-23
1.068283e+03 1.309871e-23
1.068402e+03 1.297504e-23
1.068521e+03 1.272440e-23
1.068640e+03 1.256553e-23
1.068759e+03 1.246021e-23
1.068878e+03 1.234646e-23
1.068997e+03 1.209531e-23
1.069116e+03 1.194823e-23
1.069235e+03 1.182856e-23
1.069354e+03 1.172977e-23
1.069473e+03 1.161650e-23
1.069592e+03 1.134943e-23
1.069711e+03 1.126757e-23
1.069830e+03 1.118262e-23
1.069949e+03 1.102924e-23
1.070069e+03 1.090849e-23
1.070188e+03 1.077573e-23
1.070307e+03 1.062753e-23
1.070426e+03 1.046302e-23
1.070545e+03 1.030297e-23
1.070664e+03 1.024256e-23
1.070783e+03 1.016713e-23
1.070902e+03 1.002726e-23
1.071021e+03 9.865802e-24
1.071140e+03 9.665968e-24
1.071259e+03 9.599057e-24
1.071378e+03 9.550311e-24
1.071497e+03 9.508138e-24
1.071616e+03 9.341667e-24
1.071735e+03 9.293042e-24
1.071854e+03 9.142562e-24
1.071973e+03 8.972707e-24
1.072093e+03 8.916504e-24
1.072212e+03 8.849109e-24
1.072331e+03 8.743956e-24
1.072450e+03 8.653578e-24
1.072569e+03 8.512563e-24
1.072688e+03 8.389539e-24
1.072807e+03 8.286837e-24
1.072926e+03 8.158529e-24
1.073045e+03 8.020786e-24
1.073164e+03 7.986220e-24
1.073283e+03 7.877738e-24
1.073402e+03 7.779324e-24
1.073521e+03 7.660227e-24
1.073640e+03 7.601575e-24
1.073759e+03 7.526420e-24
1.073878e+03 7.400362e-24
1.073997e+03 7.265603e-24
1.074117e+03 7.152393e-24
1.074236e+03 7.093708e-24
1.074355e+03 7.053521e-24
1.074474e+03 6.951947e-24
1.074593e+03 6.799681e-24
1.074712e+03 6.688575e-24
1.074831e+03 6.632207e-24
1.074950e+03 6.597332e-24
1.075069e+03 6.470190e-24
1.075188e+03 6.348728e-24
1.075307e+03 6.314447e-24
1.075426e+03 6.189580e-24
1.075545e+03 6.070981e-24
1.075664e+03 6.010471e-24
1.075783e+03 5.948255e-24
1.075902e+03 5.887949e-24
1.076022e+03 5.717415e-24
1.076141e+03 5.650494e-24
1.076260e+03 5.618591e-24
1.076379e+03 5.568750e-24
1.076498e+03 5.475316e-24
1.076617e+03 5.355649e-24
1.076736e+03 5.313757e-24
1.076855e+03 5.247008e-24
1.076974e+03 5.181985e-24
1.077093e+03 5.088794e-24
1.077212e+03 5.054115e-24
1.077331e+03 5.016419e-24
1.077450e+03 4.873025e-24
1.077569e+03 4.769947e-24
1.077688e+03 4.743294e-24
1.077807e+03 4.677666e-24
1.077926e+03 4.562864e-24
1.078046e+03 4.508958e-24
1.078165e+03 4.404071e-24
1.078284e+03 4.379935e-24
1.078403e+03 4.357981e-24
1.078522e+03 4.336142e-24
1.078641e+03 4.316402e-24
1.078760e+03 4.253606e-24
1.078879e+03 4.176809e-24
1.078998e+03 4.008363e-24
1.079117e+03 3.960068e-24
1.079236e+03 3.911556e-24
1.079355e+03 3.872656e-24
1.079474e+03 3.853283e-24
1.079593e+03 3.834011e-24
1.079712e+03 3.815415e-24
1.079831e+03 3.776749e-24
1.079950e+03 3.731298e-24
1.080070e+03 3.621316e-24
1.080189e+03 3.512782e-24
1.080308e+03 3.494957e-24
1.080427e+03 3.477505e-24
1.080546e+03 3.456224e-24
1.080665e+03 3.404792e-24
1.080784e+03 3.366014e-24
1.080903e+03 3.298131e-24
1.081022e+03 3.208908e-24
1.081141e+03 3.161146e-24
1.081260e+03 3.074406e-24
1.081379e+03 2.996136e-24
1.081498e+03 2.933086e-24
1.081617e+03 2.843135e-24
1.081736e+03 2.831434e-24
1.081855e+03 2.817447e-24
1.081974e+03 2.794010e-24
1.082094e+03 2.754516e-24
1.082213e+03 2.707464e-24
1.082332e+03 2.634171e-24
1.082451e+03 2.557811e-24
1.082570e+03 2.512854e-24
1.082689e+03 2.472613e-24
1.082808e+03 2.454063e-24
1.082927e+03 2.441864e-24
1.083046e+03 2.431589e-24
1.083165e+03 2.383782e-24
1.083284e+03 2.333094e-24
1.083403e+03 2.272980e-24
1.083522e+03 2.193640e-24
1.083641e+03 2.157136e-24
1.083760e+03 2.113868e-24
1.083879e+03 2.103581e-24
1.083998e+03 2.093146e-24
1.084118e+03 2.080286e-24
1.084237e+03 2.020936e-24
1.084356e+03 1.992710e-24
1.084475e+03 1.955355e-24
1.084594e+03 1.914982e-24
1.084713e+03 1.906327e-24
1.084832e+03 1.896885e-24
1.084951e+03 1.879171e-24
1.085070e+03 1.814646e-24
1.085189e+03 1.809322e-24
1.085308e+03 1.772143e-24
1.085427e+03 1.759845e-24
1.085546e+03 1.751140e-24
1.085665e+03 1.742479e-24
1.085784e+03 1.735103e-24
1.085903e+03 1.698266e-24
1.086023e+03 1.656347e-24
1.086142e+03 1.590952e-24
1.086261e+03 1.562546e-24
1.086380e+03 1.545510e-24
1.086499e+03 1.538753e-24
1.086618e+03 1.501560e-24
1.086737e+03 1.467017e-24
1.086856e+03 1.438042e-24
1.086975e+03 1.417691e-24
1.087094e+03 1.401410e-24
1.087213e+03 1.365121e-24
1.087332e+03 1.359637e-24
1.087451e+03 1.352935e-24
1.087570e+03 1.346267e-24
1.087689e+03 1.339633e-24
1.087808e+03 1.333034e-24
1.087927e+03 1.326468e-24
1.088047e+03 1.321463e-24
1.088166e+03 1.284359e-24
1.088285e+03 1.302297e-24
1.088404e+03 1.287969e-24
1.088523e+03 1.266359e-24
1.088642e+03 1.261235e-24
1.088761e+03 1.241797e-24
1.088880e+03 1.214615e-24
1.088999e+03 1.203406e-24
1.089118e+03 1.197508e-24
1.089237e+03 1.192984e-24
1.089356e+03 1.158670e-24
1.089475e+03 1.134260e-24
1.089594e+03 1.122513e-24
1.089713e+03 1.117908e-24
1.089832e+03 1.079742e-24
1.089951e+03 1.051050e-24
1.090071e+03 1.025147e-24
1.090190e+03 1.021004e-24
1.090309e+03 1.015997e-24
1.090428e+03 1.011016e-24
1.090547e+03 1.006060e-24
1.090666e+03 1.000271e-24
1.090785e+03 9.724946e-25
1.090904e+03 9.438494e-25
1.091023e+03 9.236845e-25
1.091142e+03 9.040129e-25
1.091261e+03 8.802071e-25
1.091380e+03 8.770105e-25
1.091499e+03 8.727298e-25
1.091618e+03 8.566766e-25
1.091737e+03 8.520582e-25
1.091856e+03 8.020139e-25
1.091975e+03 7.778498e-25
1.092095e+03 7.591303e-25
1.092214e+03 7.555712e-25
1.092333e+03 7.527778e-25
1.092452e+03 7.308731e-25
1.092571e+03 7.220941e-25
1.092690e+03 7.172245e-25
1.092809e+03 6.932083e-25
1.092928e+03 6.478134e-25
1.093047e+03 6.420277e-25
1.093166e+03 6.388957e-25
1.093285e+03 6.357797e-25
1.093404e+03 6.326796e-25
1.093523e+03 6.295952e-25
1.093642e+03 6.265266e-25
1.093761e+03 6.233261e-25
1.093880e+03 6.271662e-25
1.093999e+03 6.167915e-25
1.094119e+03 6.105418e-25
1.094238e+03 5.904423e-25
1.094357e+03 5.648836e-25
1.094476e+03 5.636333e-25
1.094595e+03 5.555180e-25
1.094714e+03 5.448648e-25
1.094833e+03 5.245242e-25
1.094952e+03 4.978683e-25
1.095071e+03 4.869642e-25
1.095190e+03 4.655272e-25
1.095309e+03 4.641202e-25
1.095428e+03 4.623929e-25
1.095547e+03 4.339822e-25
1.095666e+03 4.480065e-25
1.095785e+03 4.450281e-25
1.095904e+03 4.428680e-25
1.096024e+03 4.407188e-25
1.096143e+03 4.327484e-25
1.096262e+03 4.163295e-25
1.096381e+03 4.055827e-25
1.096500e+03 3.842013e-25
1.096619e+03 3.702275e-25
1.096738e+03 3.613511e-25
1.096857e+03 3.598969e-25
1.096976e+03 3.494981e-25
1.097095e+03 3.360722e-25
1.097214e+03 3.169185e-25
1.097333e+03 2.986970e-25
1.097452e+03 2.801343e-25
1.097571e+03 2.756484e-25
1.097690e+03 2.743148e-25
1.097809e+03 2.729879e-25
1.097928e+03 2.716677e-25
1.098048e+03 2.703541e-25
1.098167e+03 2.690473e-25
1.098286e+03 2.677470e-25
1.098405e+03 2.664532e-25
1.098524e+03 2.651660e-25
1.098643e+03 2.638853e-25
1.098762e+03 2.626111e-25
1.098881e+03 2.613432e-25
1.099000e+03 2.600818e-25
