880.000	1.3427e-31
880.100	1.3774e-31
880.200	1.4129e-31
880.300	1.4493e-31
880.400	1.4867e-31
880.500	1.5250e-31
880.600	1.5644e-31
880.700	1.6047e-31
880.800	1.6461e-31
880.900	1.6885e-31
881.000	1.7321e-31
881.100	1.7767e-31
881.200	1.8226e-31
881.300	1.8696e-31
881.400	1.9178e-31
881.500	1.9672e-31
881.600	2.0180e-31
881.700	2.0700e-31
881.800	2.1234e-31
881.900	2.1781e-31
882.000	2.2343e-31
882.100	2.2919e-31
882.200	2.3510e-31
882.300	2.4116e-31
882.400	2.4738e-31
882.500	2.5376e-31
882.600	2.6031e-31
882.700	2.6702e-31
882.800	2.7391e-31
882.900	2.8097e-31
883.000	2.8821e-31
883.100	2.9565e-31
883.200	3.0327e-31
883.300	3.1109e-31
883.400	3.1911e-31
883.500	3.2734e-31
883.600	3.3578e-31
883.700	3.4444e-31
883.800	3.5333e-31
883.900	3.6244e-31
884.000	3.7178e-31
884.100	3.8137e-31
884.200	3.9121e-31
884.300	4.0129e-31
884.400	4.1164e-31
884.500	4.2226e-31
884.600	4.3315e-31
884.700	4.4432e-31
884.800	4.5577e-31
884.900	4.6753e-31
885.000	4.7958e-31
885.100	4.9195e-31
885.200	5.0464e-31
885.300	5.1765e-31
885.400	5.3100e-31
885.500	5.4469e-31
885.600	5.5874e-31
885.700	5.7315e-31
885.800	5.8793e-31
885.900	6.0309e-31
886.000	6.1864e-31
886.100	6.3459e-31
886.200	6.5096e-31
886.300	6.6775e-31
886.400	6.8497e-31
886.500	7.0263e-31
886.600	7.2075e-31
886.700	7.3933e-31
886.800	7.5840e-31
886.900	7.7796e-31
887.000	7.9802e-31
887.100	8.1860e-31
887.200	8.3971e-31
887.300	8.6136e-31
887.400	8.8357e-31
887.500	9.0636e-31
887.600	9.2973e-31
887.700	9.5371e-31
887.800	9.7830e-31
887.900	1.0035e-30
888.000	1.0294e-30
888.100	1.0560e-30
888.200	1.0832e-30
888.300	1.1111e-30
888.400	1.1398e-30
888.500	1.1692e-30
888.600	1.1993e-30
888.700	1.2302e-30
888.800	1.2620e-30
888.900	1.2945e-30
889.000	1.3279e-30
889.100	1.3621e-30
889.200	1.3973e-30
889.300	1.4333e-30
889.400	1.4703e-30
889.500	1.5082e-30
889.600	1.5471e-30
889.700	1.5870e-30
889.800	1.6279e-30
889.900	1.6699e-30
890.000	1.7129e-30
890.100	1.7571e-30
890.200	1.8024e-30
890.300	1.8489e-30
890.400	1.8966e-30
890.500	1.9455e-30
890.600	1.9956e-30
890.700	2.0471e-30
890.800	2.0999e-30
890.900	2.1540e-30
891.000	2.2096e-30
891.100	2.2666e-30
891.200	2.3250e-30
891.300	2.3850e-30
891.400	2.4465e-30
891.500	2.5096e-30
891.600	2.5743e-30
891.700	2.6407e-30
891.800	2.7088e-30
891.900	2.7786e-30
892.000	2.8503e-30
892.100	2.9238e-30
892.200	2.9992e-30
892.300	3.0765e-30
892.400	3.1558e-30
892.500	3.2372e-30
892.600	3.3207e-30
892.700	3.4063e-30
892.800	3.4942e-30
892.900	3.5843e-30
893.000	3.6767e-30
893.100	3.7715e-30
893.200	3.8688e-30
893.300	3.9685e-30
893.400	4.0709e-30
893.500	4.1759e-30
893.600	4.2835e-30
893.700	4.3940e-30
893.800	4.5073e-30
893.900	4.6236e-30
894.000	4.7428e-30
894.100	4.8651e-30
894.200	4.9905e-30
894.300	5.1192e-30
894.400	5.2513e-30
894.500	5.3867e-30
894.600	5.5256e-30
894.700	5.6681e-30
894.800	5.8142e-30
894.900	5.9642e-30
895.000	6.1180e-30
895.100	6.2757e-30
895.200	6.4376e-30
895.300	6.6036e-30
895.400	6.7739e-30
895.500	6.9486e-30
895.600	7.1278e-30
895.700	7.3116e-30
895.800	7.5001e-30
895.900	7.6935e-30
896.000	7.8919e-30
896.100	8.0954e-30
896.200	8.3042e-30
896.300	8.5183e-30
896.400	8.7380e-30
896.500	8.9633e-30
896.600	9.1945e-30
896.700	9.4316e-30
896.800	9.6748e-30
896.900	9.9243e-30
897.000	1.0180e-29
897.100	1.0443e-29
897.200	1.0712e-29
897.300	1.0988e-29
897.400	1.1272e-29
897.500	1.1562e-29
897.600	1.1860e-29
897.700	1.2166e-29
897.800	1.2480e-29
897.900	1.2802e-29
898.000	1.3132e-29
898.100	1.3471e-29
898.200	1.3818e-29
898.300	1.4174e-29
898.400	1.4540e-29
898.500	1.4915e-29
898.600	1.5299e-29
898.700	1.5694e-29
898.800	1.6099e-29
898.900	1.6514e-29
899.000	1.6940e-29
899.100	1.7377e-29
899.200	1.7825e-29
899.300	1.8284e-29
899.400	1.8756e-29
899.500	1.9239e-29
899.600	1.9736e-29
899.700	2.0245e-29
899.800	2.0767e-29
899.900	2.1302e-29
900.000	2.1851e-29
900.100	2.2415e-29
900.200	2.2993e-29
900.300	2.3586e-29
900.400	2.4194e-29
900.500	2.4818e-29
900.600	2.5458e-29
900.700	2.6114e-29
900.800	2.6788e-29
900.900	2.7479e-29
901.000	2.8187e-29
901.100	2.8914e-29
901.200	2.9660e-29
901.300	3.0425e-29
901.400	3.1209e-29
901.500	3.2014e-29
901.600	3.2840e-29
901.700	3.3686e-29
901.800	3.4555e-29
901.900	3.5446e-29
902.000	3.6360e-29
902.100	3.7298e-29
902.200	3.8260e-29
902.300	3.9246e-29
902.400	4.0259e-29
902.500	4.1297e-29
902.600	4.2362e-29
902.700	4.3454e-29
902.800	4.4575e-29
902.900	4.5724e-29
903.000	4.6903e-29
903.100	4.8113e-29
903.200	4.9353e-29
903.300	5.0626e-29
903.400	5.1932e-29
903.500	5.3271e-29
903.600	5.4645e-29
903.700	5.6054e-29
903.800	5.7499e-29
903.900	5.8982e-29
904.000	6.0503e-29
904.100	6.2063e-29
904.200	6.3664e-29
904.300	6.5305e-29
904.400	6.6989e-29
904.500	6.8717e-29
904.600	7.0489e-29
904.700	7.2307e-29
904.800	7.4171e-29
904.900	7.6084e-29
905.000	7.8046e-29
905.100	8.0059e-29
905.200	8.2123e-29
905.300	8.4241e-29
905.400	8.6413e-29
905.500	8.8642e-29
905.600	9.0928e-29
905.700	9.3272e-29
905.800	9.5678e-29
905.900	9.8145e-29
906.000	1.0068e-28
906.100	1.0327e-28
906.200	1.0594e-28
906.300	1.0867e-28
906.400	1.1147e-28
906.500	1.1434e-28
906.600	1.1729e-28
906.700	1.2032e-28
906.800	1.2342e-28
906.900	1.2660e-28
907.000	1.2987e-28
907.100	1.3322e-28
907.200	1.3665e-28
907.300	1.4018e-28
907.400	1.4379e-28
907.500	1.4750e-28
907.600	1.5130e-28
907.700	1.5520e-28
907.800	1.5921e-28
907.900	1.6331e-28
908.000	1.6752e-28
908.100	1.7184e-28
908.200	1.7627e-28
908.300	1.8082e-28
908.400	1.8548e-28
908.500	1.9027e-28
908.600	1.9517e-28
908.700	2.0021e-28
908.800	2.0537e-28
908.900	2.1066e-28
909.000	2.1610e-28
909.100	2.2167e-28
909.200	2.2739e-28
909.300	2.3325e-28
909.400	2.3926e-28
909.500	2.4543e-28
909.600	2.5176e-28
909.700	2.5826e-28
909.800	2.6492e-28
909.900	2.7175e-28
910.000	2.7876e-28
910.100	2.8594e-28
910.200	2.9332e-28
910.300	3.0088e-28
910.400	3.0864e-28
910.500	3.1660e-28
910.600	3.2476e-28
910.700	3.3314e-28
910.800	3.4173e-28
910.900	3.5054e-28
911.000	3.5958e-28
911.100	3.6885e-28
911.200	3.7837e-28
911.300	3.8812e-28
911.400	3.9813e-28
911.500	4.0840e-28
911.600	4.1893e-28
911.700	4.2973e-28
911.800	4.4082e-28
911.900	4.5218e-28
912.000	4.6384e-28
912.100	4.7580e-28
912.200	4.8807e-28
912.300	5.0066e-28
912.400	5.1357e-28
912.500	5.2682e-28
912.600	5.4040e-28
912.700	5.5434e-28
912.800	5.6863e-28
912.900	5.8330e-28
913.000	5.9834e-28
913.100	6.1377e-28
913.200	6.2959e-28
913.300	6.4583e-28
913.400	6.6248e-28
913.500	6.7957e-28
913.600	6.9709e-28
913.700	7.1507e-28
913.800	7.3351e-28
913.900	7.5242e-28
914.000	7.7183e-28
914.100	7.9173e-28
914.200	8.1215e-28
914.300	8.3309e-28
914.400	8.5457e-28
914.500	8.7661e-28
914.600	8.9922e-28
914.700	9.2241e-28
914.800	9.4619e-28
914.900	9.7059e-28
915.000	9.9562e-28
915.100	1.0213e-27
915.200	1.0476e-27
915.300	1.0746e-27
915.400	1.1024e-27
915.500	1.1308e-27
915.600	1.1599e-27
915.700	1.1899e-27
915.800	1.2205e-27
915.900	1.2520e-27
916.000	1.2843e-27
916.100	1.3174e-27
916.200	1.3514e-27
916.300	1.3862e-27
916.400	1.4220e-27
916.500	1.4587e-27
916.600	1.4963e-27
916.700	1.5349e-27
916.800	1.5744e-27
916.900	1.6150e-27
917.000	1.6567e-27
917.100	1.6994e-27
917.200	1.7432e-27
917.300	1.7882e-27
917.400	1.8343e-27
917.500	1.8816e-27
917.600	1.9301e-27
917.700	1.9799e-27
917.800	2.0310e-27
917.900	2.0833e-27
918.000	2.1371e-27
918.100	2.1922e-27
918.200	2.2487e-27
918.300	2.3067e-27
918.400	2.3662e-27
918.500	2.4272e-27
918.600	2.4898e-27
918.700	2.5540e-27
918.800	2.6199e-27
918.900	2.6874e-27
919.000	2.7567e-27
919.100	2.8278e-27
919.200	2.9007e-27
919.300	2.9755e-27
919.400	3.0523e-27
919.500	3.1310e-27
919.600	3.2117e-27
919.700	3.2945e-27
919.800	3.3795e-27
919.900	3.4666e-27
920.000	3.5560e-27
920.100	3.6477e-27
920.200	3.7418e-27
920.300	3.8383e-27
920.400	3.9373e-27
920.500	4.0388e-27
920.600	4.1430e-27
920.700	4.2498e-27
920.800	4.3594e-27
920.900	4.4718e-27
921.000	4.5871e-27
921.100	4.7054e-27
921.200	4.8268e-27
921.300	4.9512e-27
921.400	5.0789e-27
921.500	5.2099e-27
921.600	5.3442e-27
921.700	5.4820e-27
921.800	5.6234e-27
921.900	5.7684e-27
922.000	5.9172e-27
922.100	6.0698e-27
922.200	6.2263e-27
922.300	6.3869e-27
922.400	6.5516e-27
922.500	6.7205e-27
922.600	6.8938e-27
922.700	7.0716e-27
922.800	7.2539e-27
922.900	7.4410e-27
923.000	7.6329e-27
923.100	7.8297e-27
923.200	8.0316e-27
923.300	8.2387e-27
923.400	8.4512e-27
923.500	8.6691e-27
923.600	8.8927e-27
923.700	9.1220e-27
923.800	9.3573e-27
923.900	9.5986e-27
924.000	9.8461e-27
924.100	1.0100e-26
924.200	1.0360e-26
924.300	1.0628e-26
924.400	1.0902e-26
924.500	1.1183e-26
924.600	1.1471e-26
924.700	1.1767e-26
924.800	1.2070e-26
924.900	1.2382e-26
925.000	1.2701e-26
925.100	1.3029e-26
925.200	1.3364e-26
925.300	1.3709e-26
925.400	1.4063e-26
925.500	1.4425e-26
925.600	1.4797e-26
925.700	1.5179e-26
925.800	1.5570e-26
925.900	1.5972e-26
926.000	1.6384e-26
926.100	1.6806e-26
926.200	1.7240e-26
926.300	1.7684e-26
926.400	1.8140e-26
926.500	1.8608e-26
926.600	1.9088e-26
926.700	1.9580e-26
926.800	2.0085e-26
926.900	2.0603e-26
927.000	2.1134e-26
927.100	2.1679e-26
927.200	2.2238e-26
927.300	2.2812e-26
927.400	2.3400e-26
927.500	2.4003e-26
927.600	2.4622e-26
927.700	2.5257e-26
927.800	2.5909e-26
927.900	2.6577e-26
928.000	2.7262e-26
928.100	2.7965e-26
928.200	2.8686e-26
928.300	2.9426e-26
928.400	3.0185e-26
928.500	3.0963e-26
928.600	3.1762e-26
928.700	3.2581e-26
928.800	3.3421e-26
928.900	3.4283e-26
929.000	3.5167e-26
929.100	3.6074e-26
929.200	3.7004e-26
929.300	3.7958e-26
929.400	3.8937e-26
929.500	3.9941e-26
929.600	4.0971e-26
929.700	4.2028e-26
929.800	4.3112e-26
929.900	4.4223e-26
930.000	4.5364e-26
930.100	4.6534e-26
930.200	4.7734e-26
930.300	4.8965e-26
930.400	5.0227e-26
930.500	5.1522e-26
930.600	5.2851e-26
930.700	5.4214e-26
930.800	5.5612e-26
930.900	5.7046e-26
931.000	5.8517e-26
931.100	6.0026e-26
931.200	6.1574e-26
931.300	6.3162e-26
931.400	6.4791e-26
931.500	6.6462e-26
931.600	6.8175e-26
931.700	6.9934e-26
931.800	7.1737e-26
931.900	7.3587e-26
932.000	7.5485e-26
932.100	7.7431e-26
932.200	7.9428e-26
932.300	8.1476e-26
932.400	8.3577e-26
932.500	8.5732e-26
932.600	8.7943e-26
932.700	9.0211e-26
932.800	9.2537e-26
932.900	9.4924e-26
933.000	9.7372e-26
933.100	9.9883e-26
933.200	1.0246e-25
933.300	1.0510e-25
933.400	1.0781e-25
933.500	1.1059e-25
933.600	1.1344e-25
933.700	1.1637e-25
933.800	1.1937e-25
933.900	1.2245e-25
934.000	1.2560e-25
934.100	1.2884e-25
934.200	1.3217e-25
934.300	1.3557e-25
934.400	1.3907e-25
934.500	1.4266e-25
934.600	1.4634e-25
934.700	1.5011e-25
934.800	1.5398e-25
934.900	1.5795e-25
935.000	1.6202e-25
935.100	1.6620e-25
935.200	1.7049e-25
935.300	1.7489e-25
935.400	1.7940e-25
935.500	1.8402e-25
935.600	1.8877e-25
935.700	1.9363e-25
935.800	1.9863e-25
935.900	2.0375e-25
936.000	2.0900e-25
936.100	2.1439e-25
936.200	2.1992e-25
936.300	2.2559e-25
936.400	2.3141e-25
936.500	2.3738e-25
936.600	2.4350e-25
936.700	2.4978e-25
936.800	2.5622e-25
936.900	2.6283e-25
937.000	2.6961e-25
937.100	2.7656e-25
937.200	2.8369e-25
937.300	2.9101e-25
937.400	2.9851e-25
937.500	3.0621e-25
937.600	3.1410e-25
937.700	3.2220e-25
937.800	3.3051e-25
937.900	3.3904e-25
938.000	3.4778e-25
938.100	3.5675e-25
938.200	3.6595e-25
938.300	3.7538e-25
938.400	3.8506e-25
938.500	3.9499e-25
938.600	4.0518e-25
938.700	4.1563e-25
938.800	4.2635e-25
938.900	4.3734e-25
939.000	4.4862e-25
939.100	4.6019e-25
939.200	4.7206e-25
939.300	4.8423e-25
939.400	4.9672e-25
939.500	5.0952e-25
939.600	5.2266e-25
939.700	5.3614e-25
939.800	5.4997e-25
939.900	5.6415e-25
940.000	5.7870e-25
940.100	5.9362e-25
940.200	6.0893e-25
940.300	6.2463e-25
940.400	6.4074e-25
940.500	6.5726e-25
940.600	6.7421e-25
940.700	6.9160e-25
940.800	7.0943e-25
940.900	7.2773e-25
941.000	7.4649e-25
941.100	7.6575e-25
941.200	7.8549e-25
941.300	8.0575e-25
941.400	8.2653e-25
941.500	8.4784e-25
941.600	8.6970e-25
941.700	8.9213e-25
941.800	9.1514e-25
941.900	9.3874e-25
942.000	9.6294e-25
942.100	9.8778e-25
942.200	1.0132e-24
942.300	1.0394e-24
942.400	1.0662e-24
942.500	1.0937e-24
942.600	1.1219e-24
942.700	1.1508e-24
942.800	1.1805e-24
942.900	1.2109e-24
943.000	1.2422e-24
943.100	1.2742e-24
943.200	1.3070e-24
943.300	1.3408e-24
943.400	1.3753e-24
943.500	1.4108e-24
943.600	1.4472e-24
943.700	1.4845e-24
943.800	1.5228e-24
943.900	1.5620e-24
944.000	1.6023e-24
944.100	1.6436e-24
944.200	1.6860e-24
944.300	1.7295e-24
944.400	1.7741e-24
944.500	1.8199e-24
944.600	1.8668e-24
944.700	1.9149e-24
944.800	1.9643e-24
944.900	2.0150e-24
945.000	2.0669e-24
945.100	2.1202e-24
945.200	2.1749e-24
945.300	2.2310e-24
945.400	2.2885e-24
945.500	2.3475e-24
945.600	2.4081e-24
945.700	2.4702e-24
945.800	2.5339e-24
945.900	2.5992e-24
946.000	2.6662e-24
946.100	2.7350e-24
946.200	2.8055e-24
946.300	2.8779e-24
946.400	2.9521e-24
946.500	3.0282e-24
946.600	3.1063e-24
946.700	3.1864e-24
946.800	3.2686e-24
946.900	3.3529e-24
947.000	3.4393e-24
947.100	3.5280e-24
947.200	3.6190e-24
947.300	3.7123e-24
947.400	3.8080e-24
947.500	3.9062e-24
947.600	4.0070e-24
947.700	4.1103e-24
947.800	4.2163e-24
947.900	4.3250e-24
948.000	4.4366e-24
948.100	4.5510e-24
948.200	4.6683e-24
948.300	4.7887e-24
948.400	4.9122e-24
948.500	5.0389e-24
948.600	5.1688e-24
948.700	5.3021e-24
948.800	5.4388e-24
948.900	5.5791e-24
949.000	5.7230e-24
949.100	5.8706e-24
949.200	6.0219e-24
949.300	6.1772e-24
949.400	6.3365e-24
949.500	6.4999e-24
949.600	6.6675e-24
949.700	6.8395e-24
949.800	7.0159e-24
949.900	7.1968e-24
950.000	7.3824e-24
950.100	7.5727e-24
950.200	7.7680e-24
950.300	7.9683e-24
950.400	8.1738e-24
950.500	8.3846e-24
950.600	8.6008e-24
950.700	8.8226e-24
950.800	9.0501e-24
950.900	9.2835e-24
951.000	9.5229e-24
951.100	9.7685e-24
951.200	1.0020e-23
951.300	1.0279e-23
951.400	1.0544e-23
951.500	1.0816e-23
951.600	1.1095e-23
951.700	1.1381e-23
951.800	1.1674e-23
951.900	1.1975e-23
952.000	1.2284e-23
952.100	1.2601e-23
952.200	1.2926e-23
952.300	1.3259e-23
952.400	1.3601e-23
952.500	1.3952e-23
952.600	1.4312e-23
952.700	1.4681e-23
952.800	1.5059e-23
952.900	1.5448e-23
953.000	1.5846e-23
953.100	1.6255e-23
953.200	1.6674e-23
953.300	1.7104e-23
953.400	1.7545e-23
953.500	1.7997e-23
953.600	1.8461e-23
953.700	1.8937e-23
953.800	1.9426e-23
953.900	1.9927e-23
954.000	2.0441e-23
954.100	2.0968e-23
954.200	2.1508e-23
954.300	2.2063e-23
954.400	2.2632e-23
954.500	2.3216e-23
954.600	2.3814e-23
954.700	2.4428e-23
954.800	2.5058e-23
954.900	2.5705e-23
955.000	2.6367e-23
955.100	2.7047e-23
955.200	2.7745e-23
955.300	2.8460e-23
955.400	2.9194e-23
955.500	2.9947e-23
955.600	3.0719e-23
955.700	3.1512e-23
955.800	3.2324e-23
955.900	3.3158e-23
956.000	3.4013e-23
956.100	3.4890e-23
956.200	3.5790e-23
956.300	3.6713e-23
956.400	3.7659e-23
956.500	3.8630e-23
956.600	3.9627e-23
956.700	4.0648e-23
956.800	4.1697e-23
956.900	4.2772e-23
957.000	4.3875e-23
957.100	4.5006e-23
957.200	4.6167e-23
957.300	4.7357e-23
957.400	4.8579e-23
957.500	4.9831e-23
957.600	5.1116e-23
957.700	5.2435e-23
957.800	5.3787e-23
957.900	5.5174e-23
958.000	5.6597e-23
958.100	5.8056e-23
958.200	5.9553e-23
958.300	6.0043e-23
958.400	6.0043e-23
958.500	6.0043e-23
958.600	6.0043e-23
958.700	6.0043e-23
958.800	6.0043e-23
958.900	6.0043e-23
959.000	6.0043e-23
959.100	6.0062e-23
959.200	6.0870e-23
959.300	6.2227e-23
959.400	6.4247e-23
959.500	6.6331e-23
959.600	6.7702e-23
959.700	6.8580e-23
959.800	6.8620e-23
959.900	6.8620e-23
960.000	6.8620e-23
960.100	6.8620e-23
960.200	6.8805e-23
960.300	6.9906e-23
960.400	7.1394e-23
960.500	7.3638e-23
960.600	7.5396e-23
960.700	7.6688e-23
960.800	7.7198e-23
960.900	7.7198e-23
961.000	7.7198e-23
961.100	7.7198e-23
961.200	7.7198e-23
961.300	7.7198e-23
961.400	7.7198e-23
961.500	7.7198e-23
961.600	7.7198e-23
961.700	7.7449e-23
961.800	7.8608e-23
961.900	8.0151e-23
962.000	8.2418e-23
962.100	8.4038e-23
962.200	8.4937e-23
962.300	8.6071e-23
962.400	8.7861e-23
962.500	9.0288e-23
962.600	9.4216e-23
962.700	9.8466e-23
962.800	1.0164e-22
962.900	1.0454e-22
963.000	1.0755e-22
963.100	1.1057e-22
963.200	1.1359e-22
963.300	1.1661e-22
963.400	1.1959e-22
963.500	1.2252e-22
963.600	1.2612e-22
963.700	1.3081e-22
963.800	1.3342e-22
963.900	1.3469e-22
964.000	1.3504e-22
964.100	1.3302e-22
964.200	1.3075e-22
964.300	1.2941e-22
964.400	1.2867e-22
964.500	1.2866e-22
964.600	1.2866e-22
964.700	1.2866e-22
964.800	1.2866e-22
964.900	1.2866e-22
965.000	1.2866e-22
965.100	1.2866e-22
965.200	1.2866e-22
965.300	1.2877e-22
965.400	1.2979e-22
965.500	1.3122e-22
965.600	1.3341e-22
965.700	1.3526e-22
965.800	1.3622e-22
965.900	1.3724e-22
966.000	1.3890e-22
966.100	1.4119e-22
966.200	1.4491e-22
966.300	1.4930e-22
966.400	1.5215e-22
966.500	1.5418e-22
966.600	1.5440e-22
966.700	1.5440e-22
966.800	1.5455e-22
966.900	1.5559e-22
967.000	1.5723e-22
967.100	1.6035e-22
967.200	1.6366e-22
967.300	1.6684e-22
967.400	1.6962e-22
967.500	1.7160e-22
967.600	1.7360e-22
967.700	1.7643e-22
967.800	1.7961e-22
967.900	1.8294e-22
968.000	1.8599e-22
968.100	1.8743e-22
968.200	1.8831e-22
968.300	1.8923e-22
968.400	1.9014e-22
968.500	1.9177e-22
968.600	1.9498e-22
968.700	1.9825e-22
968.800	2.0143e-22
968.900	2.0414e-22
969.000	2.0607e-22
969.100	2.0813e-22
969.200	2.1102e-22
969.300	2.1420e-22
969.400	2.1736e-22
969.500	2.2035e-22
969.600	2.2259e-22
969.700	2.2450e-22
969.800	2.2649e-22
969.900	2.2851e-22
970.000	2.3048e-22
970.100	2.3241e-22
970.200	2.3477e-22
970.300	2.3774e-22
970.400	2.4114e-22
970.500	2.4504e-22
970.600	2.4939e-22
970.700	2.5423e-22
970.800	2.5954e-22
970.900	2.6557e-22
971.000	2.7168e-22
971.100	2.7719e-22
971.200	2.8207e-22
971.300	2.8568e-22
971.400	2.8855e-22
971.500	2.9082e-22
971.600	2.9268e-22
971.700	2.9503e-22
971.800	2.9797e-22
971.900	3.0173e-22
972.000	3.0685e-22
972.100	3.1214e-22
972.200	3.1752e-22
972.300	3.2204e-22
972.400	3.2535e-22
972.500	3.2803e-22
972.600	3.3017e-22
972.700	3.3207e-22
972.800	3.3408e-22
972.900	3.3609e-22
973.000	3.3804e-22
973.100	3.4001e-22
973.200	3.4242e-22
973.300	3.4537e-22
973.400	3.4953e-22
973.500	3.5573e-22
973.600	3.6241e-22
973.700	3.6948e-22
973.800	3.7663e-22
973.900	3.8354e-22
974.000	3.9076e-22
974.100	3.9858e-22
974.200	4.0687e-22
974.300	4.1553e-22
974.400	4.2480e-22
974.500	4.3529e-22
974.600	4.4667e-22
974.700	4.5759e-22
974.800	4.6849e-22
974.900	4.8081e-22
975.000	4.9471e-22
975.100	5.1120e-22
975.200	5.3126e-22
975.300	5.5316e-22
975.400	5.7684e-22
975.500	6.0233e-22
975.600	6.2964e-22
975.700	6.5908e-22
975.800	6.9091e-22
975.900	7.2531e-22
976.000	7.6302e-22
976.100	8.0322e-22
976.200	8.4379e-22
976.300	8.8527e-22
976.400	9.2737e-22
976.500	9.7037e-22
976.600	1.0169e-21
976.700	1.0672e-21
976.800	1.1202e-21
976.900	1.1760e-21
977.000	1.2349e-21
977.100	1.2970e-21
977.200	1.3631e-21
977.300	1.4341e-21
977.400	1.5085e-21
977.500	1.5854e-21
977.600	1.6651e-21
977.700	1.7474e-21
977.800	1.8328e-21
977.900	1.9227e-21
978.000	2.0171e-21
978.100	2.1158e-21
978.200	2.2189e-21
978.300	2.3247e-21
978.400	2.4332e-21
978.500	2.5443e-21
978.600	2.6578e-21
978.700	2.7762e-21
978.800	2.9023e-21
978.900	3.0287e-21
979.000	3.1543e-21
979.100	3.2728e-21
979.200	3.3668e-21
979.300	3.4654e-21
979.400	3.6276e-21
979.500	3.8569e-21
979.600	4.1537e-21
979.700	4.5184e-21
979.800	4.8041e-21
979.900	5.0393e-21
980.000	5.1925e-21
980.100	5.2923e-21
980.200	5.3804e-21
980.300	5.4590e-21
980.400	5.5468e-21
980.500	5.6582e-21
980.600	5.7816e-21
980.700	5.9431e-21
980.800	6.0613e-21
980.900	6.0810e-21
981.000	6.0897e-21
981.100	6.0398e-21
981.200	5.8858e-21
981.300	5.7004e-21
981.400	5.4496e-21
981.500	5.1627e-21
981.600	4.8270e-21
981.700	4.5409e-21
981.800	4.2991e-21
981.900	4.1120e-21
982.000	3.9743e-21
982.100	3.8532e-21
982.200	3.7402e-21
982.300	3.6308e-21
982.400	3.5225e-21
982.500	3.4073e-21
982.600	3.2618e-21
982.700	3.1012e-21
982.800	2.9467e-21
982.900	2.8073e-21
983.000	2.7482e-21
983.100	2.7157e-21
983.200	2.7163e-21
983.300	2.7537e-21
983.400	2.7992e-21
983.500	2.8539e-21
983.600	2.9182e-21
983.700	2.9939e-21
983.800	3.0808e-21
983.900	3.1757e-21
984.000	3.2923e-21
984.100	3.4590e-21
984.200	3.6680e-21
984.300	3.9148e-21
984.400	4.1774e-21
984.500	4.3723e-21
984.600	4.5274e-21
984.700	4.6171e-21
984.800	4.6733e-21
984.900	4.7363e-21
985.000	4.8064e-21
985.100	4.8889e-21
985.200	4.9922e-21
985.300	5.0985e-21
985.400	5.2043e-21
985.500	5.3032e-21
985.600	5.3894e-21
985.700	5.4684e-21
985.800	5.5417e-21
985.900	5.6104e-21
986.000	5.6768e-21
986.100	5.7406e-21
986.200	5.8028e-21
986.300	5.8632e-21
986.400	5.9208e-21
986.500	5.9760e-21
986.600	6.0254e-21
986.700	6.0700e-21
986.800	6.1082e-21
986.900	6.1409e-21
987.000	6.1687e-21
987.100	6.1942e-21
987.200	6.2124e-21
987.300	6.2235e-21
987.400	6.2294e-21
987.500	6.2248e-21
987.600	6.2132e-21
987.700	6.1997e-21
987.800	6.1825e-21
987.900	6.1652e-21
988.000	6.1473e-21
988.100	6.1268e-21
988.200	6.1034e-21
988.300	6.0791e-21
988.400	6.0534e-21
988.500	6.0289e-21
988.600	6.0061e-21
988.700	5.9852e-21
988.800	5.9661e-21
988.900	5.9490e-21
989.000	5.9334e-21
989.100	5.9202e-21
989.200	5.9095e-21
989.300	5.9019e-21
989.400	5.9032e-21
989.500	5.9103e-21
989.600	5.9229e-21
989.700	5.9478e-21
989.800	5.9771e-21
989.900	6.0127e-21
990.000	6.0550e-21
990.100	6.1061e-21
990.200	6.1667e-21
990.300	6.2409e-21
990.400	6.3246e-21
990.500	6.4168e-21
990.600	6.5161e-21
990.700	6.6188e-21
990.800	6.7277e-21
990.900	6.8463e-21
991.000	6.9734e-21
991.100	7.1071e-21
991.200	7.2464e-21
991.300	7.3783e-21
991.400	7.5044e-21
991.500	7.6199e-21
991.600	7.7257e-21
991.700	7.8240e-21
991.800	7.9170e-21
991.900	7.9994e-21
992.000	8.0738e-21
992.100	8.1325e-21
992.200	8.1795e-21
992.300	8.2062e-21
992.400	8.1819e-21
992.500	8.1156e-21
992.600	8.0058e-21
992.700	7.8333e-21
992.800	7.6683e-21
992.900	7.5008e-21
993.000	7.3413e-21
993.100	7.1894e-21
993.200	7.0365e-21
993.300	6.8818e-21
993.400	6.7293e-21
993.500	6.5815e-21
993.600	6.4311e-21
993.700	6.2729e-21
993.800	6.1145e-21
993.900	5.9585e-21
994.000	5.8087e-21
994.100	5.6736e-21
994.200	5.5476e-21
994.300	5.4265e-21
994.400	5.3099e-21
994.500	5.1935e-21
994.600	5.0777e-21
994.700	4.9627e-21
994.800	4.8484e-21
994.900	4.7366e-21
995.000	4.6266e-21
995.100	4.5242e-21
995.200	4.4298e-21
995.300	4.3454e-21
995.400	4.2727e-21
995.500	4.2068e-21
995.600	4.1451e-21
995.700	4.0872e-21
995.800	4.0306e-21
995.900	3.9766e-21
996.000	3.9283e-21
996.100	3.8844e-21
996.200	3.8456e-21
996.300	3.8110e-21
996.400	3.7768e-21
996.500	3.7431e-21
996.600	3.7077e-21
996.700	3.6695e-21
996.800	3.6306e-21
996.900	3.5908e-21
997.000	3.5521e-21
997.100	3.5191e-21
997.200	3.4826e-21
997.300	3.4282e-21
997.400	3.3567e-21
997.500	3.2641e-21
997.600	3.1553e-21
997.700	3.0691e-21
997.800	2.9967e-21
997.900	2.9481e-21
998.000	2.9143e-21
998.100	2.8830e-21
998.200	2.8541e-21
998.300	2.8218e-21
998.400	2.7836e-21
998.500	2.7388e-21
998.600	2.6818e-21
998.700	2.6209e-21
998.800	2.5627e-21
998.900	2.5058e-21
999.000	2.4528e-21
999.100	2.4011e-21
999.200	2.3453e-21
999.300	2.2872e-21
999.400	2.2302e-21
999.500	2.1742e-21
999.600	2.1232e-21
999.700	2.0767e-21
999.800	2.0332e-21
999.900	1.9921e-21
1000.000	1.9544e-21
1000.100	1.9195e-21
1000.200	1.8890e-21
1000.300	1.8632e-21
1000.400	1.8409e-21
1000.500	1.8215e-21
1000.600	1.8042e-21
1000.700	1.7880e-21
1000.800	1.7732e-21
1000.900	1.7605e-21
1001.000	1.7496e-21
1001.100	1.7410e-21
1001.200	1.7340e-21
1001.300	1.7280e-21
1001.400	1.7225e-21
1001.500	1.7189e-21
1001.600	1.7164e-21
1001.700	1.7155e-21
1001.800	1.7155e-21
1001.900	1.7155e-21
1002.000	1.7155e-21
1002.100	1.7155e-21
1002.200	1.7166e-21
1002.300	1.7192e-21
1002.400	1.7228e-21
1002.500	1.7272e-21
1002.600	1.7302e-21
1002.700	1.7323e-21
1002.800	1.7327e-21
1002.900	1.7327e-21
1003.000	1.7329e-21
1003.100	1.7349e-21
1003.200	1.7378e-21
1003.300	1.7419e-21
1003.400	1.7460e-21
1003.500	1.7491e-21
1003.600	1.7520e-21
1003.700	1.7550e-21
1003.800	1.7580e-21
1003.900	1.7612e-21
1004.000	1.7642e-21
1004.100	1.7664e-21
1004.200	1.7683e-21
1004.300	1.7708e-21
1004.400	1.7739e-21
1004.500	1.7770e-21
1004.600	1.7800e-21
1004.700	1.7830e-21
1004.800	1.7859e-21
1004.900	1.7893e-21
1005.000	1.7936e-21
1005.100	1.7972e-21
1005.200	1.7996e-21
1005.300	1.8012e-21
1005.400	1.8022e-21
1005.500	1.8032e-21
1005.600	1.8054e-21
1005.700	1.8088e-21
1005.800	1.8125e-21
1005.900	1.8167e-21
1006.000	1.8207e-21
1006.100	1.8246e-21
1006.200	1.8290e-21
1006.300	1.8339e-21
1006.400	1.8397e-21
1006.500	1.8466e-21
1006.600	1.8542e-21
1006.700	1.8623e-21
1006.800	1.8703e-21
1006.900	1.8775e-21
1007.000	1.8844e-21
1007.100	1.8912e-21
1007.200	1.8983e-21
1007.300	1.9073e-21
1007.400	1.9178e-21
1007.500	1.9287e-21
1007.600	1.9399e-21
1007.700	1.9504e-21
1007.800	1.9602e-21
1007.900	1.9709e-21
1008.000	1.9827e-21
1008.100	1.9961e-21
1008.200	2.0119e-21
1008.300	2.0290e-21
1008.400	2.0471e-21
1008.500	2.0653e-21
1008.600	2.0826e-21
1008.700	2.0996e-21
1008.800	2.1166e-21
1008.900	2.1337e-21
1009.000	2.1516e-21
1009.100	2.1699e-21
1009.200	2.1874e-21
1009.300	2.2044e-21
1009.400	2.2215e-21
1009.500	2.2385e-21
1009.600	2.2560e-21
1009.700	2.2743e-21
1009.800	2.2922e-21
1009.900	2.3093e-21
1010.000	2.3263e-21
1010.100	2.3433e-21
1010.200	2.3606e-21
1010.300	2.3783e-21
1010.400	2.3967e-21
1010.500	2.4161e-21
1010.600	2.4365e-21
1010.700	2.4582e-21
1010.800	2.4807e-21
1010.900	2.5017e-21
1011.000	2.5215e-21
1011.100	2.5420e-21
1011.200	2.5631e-21
1011.300	2.5848e-21
1011.400	2.6077e-21
1011.500	2.6285e-21
1011.600	2.6459e-21
1011.700	2.6623e-21
1011.800	2.6783e-21
1011.900	2.6944e-21
1012.000	2.7123e-21
1012.100	2.7307e-21
1012.200	2.7482e-21
1012.300	2.7652e-21
1012.400	2.7816e-21
1012.500	2.7976e-21
1012.600	2.8136e-21
1012.700	2.8296e-21
1012.800	2.8461e-21
1012.900	2.8630e-21
1013.000	2.8809e-21
1013.100	2.9000e-21
1013.200	2.9194e-21
1013.300	2.9387e-21
1013.400	2.9576e-21
1013.500	2.9760e-21
1013.600	2.9939e-21
1013.700	3.0115e-21
1013.800	3.0284e-21
1013.900	3.0441e-21
1014.000	3.0589e-21
1014.100	3.0740e-21
1014.200	3.0892e-21
1014.300	3.1040e-21
1014.400	3.1183e-21
1014.500	3.1311e-21
1014.600	3.1424e-21
1014.700	3.1524e-21
1014.800	3.1606e-21
1014.900	3.1709e-21
1015.000	3.1880e-21
1015.100	3.2099e-21
1015.200	3.2396e-21
1015.300	3.2693e-21
1015.400	3.2886e-21
1015.500	3.3024e-21
1015.600	3.3081e-21
1015.700	3.3115e-21
1015.800	3.3159e-21
1015.900	3.3211e-21
1016.000	3.3261e-21
1016.100	3.3309e-21
1016.200	3.3366e-21
1016.300	3.3437e-21
1016.400	3.3510e-21
1016.500	3.3579e-21
1016.600	3.3651e-21
1016.700	3.3729e-21
1016.800	3.3812e-21
1016.900	3.3911e-21
1017.000	3.4014e-21
1017.100	3.4108e-21
1017.200	3.4198e-21
1017.300	3.4281e-21
1017.400	3.4361e-21
1017.500	3.4441e-21
1017.600	3.4522e-21
1017.700	3.4602e-21
1017.800	3.4683e-21
1017.900	3.4763e-21
1018.000	3.4844e-21
1018.100	3.4924e-21
1018.200	3.5003e-21
1018.300	3.5086e-21
1018.400	3.5174e-21
1018.500	3.5267e-21
1018.600	3.5364e-21
1018.700	3.5466e-21
1018.800	3.5571e-21
1018.900	3.5682e-21
1019.000	3.5814e-21
1019.100	3.5968e-21
1019.200	3.6139e-21
1019.300	3.6334e-21
1019.400	3.6531e-21
1019.500	3.6732e-21
1019.600	3.6937e-21
1019.700	3.7147e-21
1019.800	3.7362e-21
1019.900	3.7583e-21
1020.000	3.7806e-21
1020.100	3.8028e-21
1020.200	3.8249e-21
1020.300	3.8463e-21
1020.400	3.8673e-21
1020.500	3.8884e-21
1020.600	3.9096e-21
1020.700	3.9310e-21
1020.800	3.9525e-21
1020.900	3.9715e-21
1021.000	3.9883e-21
1021.100	4.0055e-21
1021.200	4.0234e-21
1021.300	4.0422e-21
1021.400	4.0633e-21
1021.500	4.0823e-21
1021.600	4.0971e-21
1021.700	4.1103e-21
1021.800	4.1227e-21
1021.900	4.1345e-21
1022.000	4.1470e-21
1022.100	4.1592e-21
1022.200	4.1685e-21
1022.300	4.1762e-21
1022.400	4.1836e-21
1022.500	4.1905e-21
1022.600	4.1976e-21
1022.700	4.2048e-21
1022.800	4.2114e-21
1022.900	4.2173e-21
1023.000	4.2235e-21
1023.100	4.2307e-21
1023.200	4.2376e-21
1023.300	4.2449e-21
1023.400	4.2500e-21
1023.500	4.2515e-21
1023.600	4.2523e-21
1023.700	4.2506e-21
1023.800	4.2456e-21
1023.900	4.2394e-21
1024.000	4.2308e-21
1024.100	4.2215e-21
1024.200	4.2111e-21
1024.300	4.2014e-21
1024.400	4.1925e-21
1024.500	4.1833e-21
1024.600	4.1736e-21
1024.700	4.1628e-21
1024.800	4.1499e-21
1024.900	4.1364e-21
1025.000	4.1232e-21
1025.100	4.1101e-21
1025.200	4.0980e-21
1025.300	4.0860e-21
1025.400	4.0734e-21
1025.500	4.0603e-21
1025.600	4.0459e-21
1025.700	4.0305e-21
1025.800	4.0156e-21
1025.900	4.0010e-21
1026.000	3.9888e-21
1026.100	3.9787e-21
1026.200	3.9692e-21
1026.300	3.9600e-21
1026.400	3.9512e-21
1026.500	3.9424e-21
1026.600	3.9351e-21
1026.700	3.9305e-21
1026.800	3.9269e-21
1026.900	3.9237e-21
1027.000	3.9208e-21
1027.100	3.9173e-21
1027.200	3.9140e-21
1027.300	3.9135e-21
1027.400	3.9135e-21
1027.500	3.9144e-21
1027.600	3.9208e-21
1027.700	3.9293e-21
1027.800	3.9412e-21
1027.900	3.9547e-21
1028.000	3.9691e-21
1028.100	3.9854e-21
1028.200	4.0041e-21
1028.300	4.0256e-21
1028.400	4.0510e-21
1028.500	4.0794e-21
1028.600	4.1089e-21
1028.700	4.1396e-21
1028.800	4.1693e-21
1028.900	4.1984e-21
1029.000	4.2269e-21
1029.100	4.2548e-21
1029.200	4.2837e-21
1029.300	4.3137e-21
1029.400	4.3451e-21
1029.500	4.3786e-21
1029.600	4.4117e-21
1029.700	4.4439e-21
1029.800	4.4738e-21
1029.900	4.4998e-21
1030.000	4.5242e-21
1030.100	4.5481e-21
1030.200	4.5722e-21
1030.300	4.5989e-21
1030.400	4.6276e-21
1030.500	4.6573e-21
1030.600	4.6880e-21
1030.700	4.7171e-21
1030.800	4.7450e-21
1030.900	4.7689e-21
1031.000	4.7891e-21
1031.100	4.8080e-21
1031.200	4.8260e-21
1031.300	4.8442e-21
1031.400	4.8640e-21
1031.500	4.8825e-21
1031.600	4.8982e-21
1031.700	4.9112e-21
1031.800	4.9207e-21
1031.900	4.9282e-21
1032.000	4.9341e-21
1032.100	4.9389e-21
1032.200	4.9431e-21
1032.300	4.9470e-21
1032.400	4.9514e-21
1032.500	4.9565e-21
1032.600	4.9618e-21
1032.700	4.9674e-21
1032.800	4.9713e-21
1032.900	4.9739e-21
1033.000	4.9750e-21
1033.100	4.9743e-21
1033.200	4.9729e-21
1033.300	4.9706e-21
1033.400	4.9671e-21
1033.500	4.9627e-21
1033.600	4.9573e-21
1033.700	4.9522e-21
1033.800	4.9472e-21
1033.900	4.9423e-21
1034.000	4.9374e-21
1034.100	4.9317e-21
1034.200	4.9249e-21
1034.300	4.9166e-21
1034.400	4.9061e-21
1034.500	4.8933e-21
1034.600	4.8769e-21
1034.700	4.8585e-21
1034.800	4.8399e-21
1034.900	4.8203e-21
1035.000	4.8003e-21
1035.100	4.7787e-21
1035.200	4.7535e-21
1035.300	4.7245e-21
1035.400	4.6913e-21
1035.500	4.6533e-21
1035.600	4.6126e-21
1035.700	4.5685e-21
1035.800	4.5256e-21
1035.900	4.4845e-21
1036.000	4.4435e-21
1036.100	4.4033e-21
1036.200	4.3602e-21
1036.300	4.3114e-21
1036.400	4.2590e-21
1036.500	4.2031e-21
1036.600	4.1461e-21
1036.700	4.0918e-21
1036.800	4.0389e-21
1036.900	3.9871e-21
1037.000	3.9361e-21
1037.100	3.8836e-21
1037.200	3.8299e-21
1037.300	3.7769e-21
1037.400	3.7243e-21
1037.500	3.6728e-21
1037.600	3.6224e-21
1037.700	3.5725e-21
1037.800	3.5225e-21
1037.900	3.4741e-21
1038.000	3.4282e-21
1038.100	3.3836e-21
1038.200	3.3404e-21
1038.300	3.2972e-21
1038.400	3.2516e-21
1038.500	3.2049e-21
1038.600	3.1586e-21
1038.700	3.1129e-21
1038.800	3.0713e-21
1038.900	3.0331e-21
1039.000	2.9980e-21
1039.100	2.9658e-21
1039.200	2.9347e-21
1039.300	2.9043e-21
1039.400	2.8747e-21
1039.500	2.8455e-21
1039.600	2.8187e-21
1039.700	2.7955e-21
1039.800	2.7744e-21
1039.900	2.7548e-21
1040.000	2.7361e-21
1040.100	2.7160e-21
1040.200	2.6956e-21
1040.300	2.6770e-21
1040.400	2.6597e-21
1040.500	2.6454e-21
1040.600	2.6332e-21
1040.700	2.6232e-21
1040.800	2.6150e-21
1040.900	2.6079e-21
1041.000	2.6020e-21
1041.100	2.5960e-21
1041.200	2.5890e-21
1041.300	2.5818e-21
1041.400	2.5744e-21
1041.500	2.5676e-21
1041.600	2.5619e-21
1041.700	2.5571e-21
1041.800	2.5534e-21
1041.900	2.5504e-21
1042.000	2.5488e-21
1042.100	2.5477e-21
1042.200	2.5477e-21
1042.300	2.5488e-21
1042.400	2.5502e-21
1042.500	2.5522e-21
1042.600	2.5545e-21
1042.700	2.5574e-21
1042.800	2.5607e-21
1042.900	2.5647e-21
1043.000	2.5688e-21
1043.100	2.5729e-21
1043.200	2.5769e-21
1043.300	2.5808e-21
1043.400	2.5849e-21
1043.500	2.5893e-21
1043.600	2.5944e-21
1043.700	2.6009e-21
1043.800	2.6092e-21
1043.900	2.6180e-21
1044.000	2.6272e-21
1044.100	2.6360e-21
1044.200	2.6439e-21
1044.300	2.6521e-21
1044.400	2.6607e-21
1044.500	2.6704e-21
1044.600	2.6820e-21
1044.700	2.6946e-21
1044.800	2.7076e-21
1044.900	2.7208e-21
1045.000	2.7330e-21
1045.100	2.7449e-21
1045.200	2.7581e-21
1045.300	2.7724e-21
1045.400	2.7872e-21
1045.500	2.8026e-21
1045.600	2.8169e-21
1045.700	2.8301e-21
1045.800	2.8426e-21
1045.900	2.8547e-21
1046.000	2.8667e-21
1046.100	2.8788e-21
1046.200	2.8909e-21
1046.300	2.9028e-21
1046.400	2.9150e-21
1046.500	2.9276e-21
1046.600	2.9409e-21
1046.700	2.9555e-21
1046.800	2.9709e-21
1046.900	2.9857e-21
1047.000	3.0001e-21
1047.100	3.0120e-21
1047.200	3.0219e-21
1047.300	3.0313e-21
1047.400	3.0404e-21
1047.500	3.0494e-21
1047.600	3.0588e-21
1047.700	3.0673e-21
1047.800	3.0747e-21
1047.900	3.0814e-21
1048.000	3.0880e-21
1048.100	3.0937e-21
1048.200	3.0978e-21
1048.300	3.1006e-21
1048.400	3.1008e-21
1048.500	3.1008e-21
1048.600	3.1015e-21
1048.700	3.1051e-21
1048.800	3.1093e-21
1048.900	3.1151e-21
1049.000	3.1189e-21
1049.100	3.1214e-21
1049.200	3.1222e-21
1049.300	3.1206e-21
1049.400	3.1177e-21
1049.500	3.1125e-21
1049.600	3.1055e-21
1049.700	3.0979e-21
1049.800	3.0895e-21
1049.900	3.0809e-21
1050.000	3.0717e-21
1050.100	3.0616e-21
1050.200	3.0504e-21
1050.300	3.0382e-21
1050.400	3.0250e-21
1050.500	3.0113e-21
1050.600	2.9970e-21
1050.700	2.9833e-21
1050.800	2.9704e-21
1050.900	2.9570e-21
1051.000	2.9424e-21
1051.100	2.9266e-21
1051.200	2.9087e-21
1051.300	2.8902e-21
1051.400	2.8728e-21
1051.500	2.8559e-21
1051.600	2.8396e-21
1051.700	2.8237e-21
1051.800	2.8066e-21
1051.900	2.7885e-21
1052.000	2.7687e-21
1052.100	2.7471e-21
1052.200	2.7266e-21
1052.300	2.7075e-21
1052.400	2.6886e-21
1052.500	2.6702e-21
1052.600	2.6499e-21
1052.700	2.6255e-21
1052.800	2.5992e-21
1052.900	2.5721e-21
1053.000	2.5447e-21
1053.100	2.5188e-21
1053.200	2.4939e-21
1053.300	2.4708e-21
1053.400	2.4491e-21
1053.500	2.4272e-21
1053.600	2.4054e-21
1053.700	2.3814e-21
1053.800	2.3548e-21
1053.900	2.3286e-21
1054.000	2.3030e-21
1054.100	2.2788e-21
1054.200	2.2568e-21
1054.300	2.2347e-21
1054.400	2.2115e-21
1054.500	2.1884e-21
1054.600	2.1659e-21
1054.700	2.1440e-21
1054.800	2.1226e-21
1054.900	2.1016e-21
1055.000	2.0802e-21
1055.100	2.0588e-21
1055.200	2.0394e-21
1055.300	2.0216e-21
1055.400	2.0037e-21
1055.500	1.9861e-21
1055.600	1.9666e-21
1055.700	1.9444e-21
1055.800	1.9218e-21
1055.900	1.8987e-21
1056.000	1.8777e-21
1056.100	1.8607e-21
1056.200	1.8455e-21
1056.300	1.8324e-21
1056.400	1.8183e-21
1056.500	1.7927e-21
1056.600	1.7539e-21
1056.700	1.7060e-21
1056.800	1.6477e-21
1056.900	1.5998e-21
1057.000	1.5593e-21
1057.100	1.5292e-21
1057.200	1.5069e-21
1057.300	1.4875e-21
1057.400	1.4699e-21
1057.500	1.4540e-21
1057.600	1.4397e-21
1057.700	1.4260e-21
1057.800	1.4120e-21
1057.900	1.3978e-21
1058.000	1.3829e-21
1058.100	1.3676e-21
1058.200	1.3529e-21
1058.300	1.3388e-21
1058.400	1.3267e-21
1058.500	1.3160e-21
1058.600	1.3047e-21
1058.700	1.2929e-21
1058.800	1.2794e-21
1058.900	1.2634e-21
1059.000	1.2463e-21
1059.100	1.2279e-21
1059.200	1.2100e-21
1059.300	1.1933e-21
1059.400	1.1778e-21
1059.500	1.1641e-21
1059.600	1.1515e-21
1059.700	1.1391e-21
1059.800	1.1271e-21
1059.900	1.1156e-21
1060.000	1.1046e-21
1060.100	1.0942e-21
1060.200	1.0843e-21
1060.300	1.0739e-21
1060.400	1.0627e-21
1060.500	1.0515e-21
1060.600	1.0403e-21
1060.700	1.0295e-21
1060.800	1.0193e-21
1060.900	1.0095e-21
1061.000	1.0000e-21
1061.100	9.9131e-22
1061.200	9.8381e-22
1061.300	9.7704e-22
1061.400	9.7075e-22
1061.500	9.6484e-22
1061.600	9.5888e-22
1061.700	9.5291e-22
1061.800	9.4641e-22
1061.900	9.3936e-22
1062.000	9.3180e-22
1062.100	9.2356e-22
1062.200	9.1575e-22
1062.300	9.0855e-22
1062.400	9.0185e-22
1062.500	8.9560e-22
1062.600	8.8984e-22
1062.700	8.8454e-22
1062.800	8.7972e-22
1062.900	8.7567e-22
1063.000	8.7175e-22
1063.100	8.6644e-22
1063.200	8.6009e-22
1063.300	8.5382e-22
1063.400	8.4758e-22
1063.500	8.4270e-22
1063.600	8.3890e-22
1063.700	8.3461e-22
1063.800	8.2954e-22
1063.900	8.2440e-22
1064.000	8.1937e-22
1064.100	8.1434e-22
1064.200	8.0930e-22
1064.300	8.0427e-22
1064.400	7.9910e-22
1064.500	7.9413e-22
1064.600	7.8988e-22
1064.700	7.8598e-22
1064.800	7.8187e-22
1064.900	7.7778e-22
1065.000	7.7437e-22
1065.100	7.7143e-22
1065.200	7.6849e-22
1065.300	7.6557e-22
1065.400	7.6222e-22
1065.500	7.5817e-22
1065.600	7.5403e-22
1065.700	7.4984e-22
1065.800	7.4602e-22
1065.900	7.4291e-22
1066.000	7.4001e-22
1066.100	7.3709e-22
1066.200	7.3404e-22
1066.300	7.3031e-22
1066.400	7.2613e-22
1066.500	7.2208e-22
1066.600	7.1805e-22
1066.700	7.1389e-22
1066.800	7.0959e-22
1066.900	7.0659e-22
1067.000	7.0448e-22
1067.100	7.0302e-22
1067.200	7.0215e-22
1067.300	7.0095e-22
1067.400	6.9809e-22
1067.500	6.9470e-22
1067.600	6.9168e-22
1067.700	6.8866e-22
1067.800	6.8573e-22
1067.900	6.8270e-22
1068.000	6.7891e-22
1068.100	6.7469e-22
1068.200	6.7128e-22
1068.300	6.6836e-22
1068.400	6.6541e-22
1068.500	6.6249e-22
1068.600	6.5910e-22
1068.700	6.5503e-22
1068.800	6.5088e-22
1068.900	6.4670e-22
1069.000	6.4292e-22
1069.100	6.3983e-22
1069.200	6.3692e-22
1069.300	6.3353e-22
1069.400	6.3069e-22
1069.500	6.2923e-22
1069.600	6.2836e-22
1069.700	6.3055e-22
1069.800	6.3898e-22
1069.900	6.3986e-22
1070.000	6.3731e-22
1070.100	6.3535e-22
1070.200	6.3387e-22
1070.300	6.3238e-22
1070.400	6.3083e-22
1070.500	6.2929e-22
1070.600	6.2784e-22
1070.700	6.2612e-22
1070.800	6.2378e-22
1070.900	6.2095e-22
1071.000	6.1756e-22
1071.100	6.1380e-22
1071.200	6.1020e-22
1071.300	6.0660e-22
1071.400	6.0290e-22
1071.500	5.9922e-22
1071.600	5.9619e-22
1071.700	5.9366e-22
1071.800	5.9110e-22
1071.900	5.8848e-22
1072.000	5.8585e-22
1072.100	5.8322e-22
1072.200	5.8060e-22
1072.300	5.7825e-22
1072.400	5.7527e-22
1072.500	5.7009e-22
1072.600	5.6388e-22
1072.700	5.5775e-22
1072.800	5.5216e-22
1072.900	5.4888e-22
1073.000	5.4648e-22
1073.100	5.4387e-22
1073.200	5.4120e-22
1073.300	5.3847e-22
1073.400	5.3566e-22
1073.500	5.3348e-22
1073.600	5.3194e-22
1073.700	5.3008e-22
1073.800	5.2751e-22
1073.900	5.2449e-22
1074.000	5.2071e-22
1074.100	5.1702e-22
1074.200	5.1405e-22
1074.300	5.1154e-22
1074.400	5.0974e-22
1074.500	5.0815e-22
1074.600	5.0589e-22
1074.700	5.0305e-22
1074.800	4.9968e-22
1074.900	4.9572e-22
1075.000	4.9246e-22
1075.100	4.8980e-22
1075.200	4.8715e-22
1075.300	4.8453e-22
1075.400	4.8152e-22
1075.500	4.7764e-22
1075.600	4.7398e-22
1075.700	4.7100e-22
1075.800	4.6850e-22
1075.900	4.6662e-22
1076.000	4.6499e-22
1076.100	4.6332e-22
1076.200	4.6158e-22
1076.300	4.5928e-22
1076.400	4.5642e-22
1076.500	4.5303e-22
1076.600	4.4903e-22
1076.700	4.4569e-22
1076.800	4.4297e-22
1076.900	4.4027e-22
1077.000	4.3761e-22
1077.100	4.3459e-22
1077.200	4.3069e-22
1077.300	4.2695e-22
1077.400	4.2407e-22
1077.500	4.2139e-22
1077.600	4.1870e-22
1077.700	4.1588e-22
1077.800	4.1228e-22
1077.900	4.0829e-22
1078.000	4.0503e-22
1078.100	4.0224e-22
1078.200	4.0012e-22
1078.300	3.9853e-22
1078.400	3.9615e-22
1078.500	3.9230e-22
1078.600	3.8793e-22
1078.700	3.8275e-22
1078.800	3.7837e-22
1078.900	3.7546e-22
1079.000	3.7282e-22
1079.100	3.7010e-22
1079.200	3.6721e-22
1079.300	3.6363e-22
1079.400	3.5963e-22
1079.500	3.5577e-22
1079.600	3.5193e-22
1079.700	3.4809e-22
1079.800	3.4424e-22
1079.900	3.4034e-22
1080.000	3.3637e-22
1080.100	3.3292e-22
1080.200	3.2995e-22
1080.300	3.2753e-22
1080.400	3.2579e-22
1080.500	3.2387e-22
1080.600	3.2123e-22
1080.700	3.1811e-22
1080.800	3.1429e-22
1080.900	3.1033e-22
1081.000	3.0713e-22
1081.100	3.0438e-22
1081.200	3.0225e-22
1081.300	3.0049e-22
1081.400	2.9866e-22
1081.500	2.9680e-22
1081.600	2.9494e-22
1081.700	2.9307e-22
1081.800	2.9121e-22
1081.900	2.8934e-22
1082.000	2.8749e-22
1082.100	2.8580e-22
1082.200	2.8369e-22
1082.300	2.8020e-22
1082.400	2.7587e-22
1082.500	2.7089e-22
1082.600	2.6592e-22
1082.700	2.6248e-22
1082.800	2.5977e-22
1082.900	2.5751e-22
1083.000	2.5563e-22
1083.100	2.5431e-22
1083.200	2.5329e-22
1083.300	2.5317e-22
1083.400	2.5330e-22
1083.500	2.5343e-22
1083.600	2.5355e-22
1083.700	2.5367e-22
1083.800	2.5379e-22
1083.900	2.5391e-22
1084.000	2.5341e-22
1084.100	2.5217e-22
1084.200	2.4988e-22
1084.300	2.4656e-22
1084.400	2.4351e-22
1084.500	2.4056e-22
1084.600	2.3832e-22
1084.700	2.3650e-22
1084.800	2.3457e-22
1084.900	2.3252e-22
1085.000	2.3112e-22
1085.100	2.3024e-22
1085.200	2.2941e-22
1085.300	2.2860e-22
1085.400	2.2755e-22
1085.500	2.2555e-22
1085.600	2.2365e-22
1085.700	2.2239e-22
1085.800	2.2170e-22
1085.900	2.2178e-22
1086.000	2.2188e-22
1086.100	2.2197e-22
1086.200	2.2207e-22
1086.300	2.2216e-22
1086.400	2.2226e-22
1086.500	2.2235e-22
1086.600	2.2244e-22
1086.700	2.2253e-22
1086.800	2.2262e-22
1086.900	2.2268e-22
1087.000	2.2192e-22
1087.100	2.2064e-22
1087.200	2.1885e-22
1087.300	2.1674e-22
1087.400	2.1481e-22
1087.500	2.1288e-22
1087.600	2.1082e-22
1087.700	2.0887e-22
1087.800	2.0752e-22
1087.900	2.0655e-22
1088.000	2.0648e-22
1088.100	2.0656e-22
1088.200	2.0651e-22
1088.300	2.0555e-22
1088.400	2.0420e-22
1088.500	2.0225e-22
1088.600	2.0018e-22
1088.700	1.9824e-22
1088.800	1.9630e-22
1088.900	1.9419e-22
1089.000	1.9236e-22
1089.100	1.9129e-22
1089.200	1.9045e-22
1089.300	1.8958e-22
1089.400	1.8866e-22
1089.500	1.8720e-22
1089.600	1.8511e-22
1089.700	1.8310e-22
1089.800	1.8116e-22
1089.900	1.7917e-22
1090.000	1.7705e-22
1090.100	1.7547e-22
1090.200	1.7425e-22
1090.300	1.7381e-22
1090.400	1.7387e-22
1090.500	1.7393e-22
1090.600	1.7399e-22
1090.700	1.7405e-22
1090.800	1.7366e-22
1090.900	1.7243e-22
1091.000	1.7035e-22
1091.100	1.6700e-22
1091.200	1.6376e-22
1091.300	1.6053e-22
1091.400	1.5875e-22
1091.500	1.5764e-22
1091.600	1.5742e-22
1091.700	1.5748e-22
1091.800	1.5753e-22
1091.900	1.5759e-22
1092.000	1.5764e-22
1092.100	1.5769e-22
1092.200	1.5775e-22
1092.300	1.5780e-22
1092.400	1.5785e-22
1092.500	1.5790e-22
1092.600	1.5795e-22
1092.700	1.5770e-22
1092.800	1.5655e-22
1092.900	1.5471e-22
1093.000	1.5144e-22
1093.100	1.4820e-22
1093.200	1.4485e-22
1093.300	1.4282e-22
1093.400	1.4160e-22
1093.500	1.4123e-22
1093.600	1.4127e-22
1093.700	1.4132e-22
1093.800	1.4136e-22
1093.900	1.4141e-22
1094.000	1.4145e-22
1094.100	1.4150e-22
1094.200	1.4115e-22
1094.300	1.3995e-22
1094.400	1.3797e-22
1094.500	1.3464e-22
1094.600	1.3139e-22
1094.700	1.2809e-22
1094.800	1.2619e-22
1094.900	1.2501e-22
1095.000	1.2471e-22
1095.100	1.2475e-22
1095.200	1.2478e-22
1095.300	1.2408e-22
1095.400	1.2271e-22
1095.500	1.2014e-22
1095.600	1.1675e-22
1095.700	1.1343e-22
1095.800	1.1047e-22
1095.900	1.0896e-22
1096.000	1.0803e-22
1096.100	1.0797e-22
1096.200	1.0800e-22
1096.300	1.0804e-22
1096.400	1.0807e-22
1096.500	1.0811e-22
1096.600	1.0814e-22
1096.700	1.0814e-22
1096.800	1.0730e-22
1096.900	1.0596e-22
1097.000	1.0409e-22
1097.100	1.0194e-22
1097.200	9.9796e-23
1097.300	9.7882e-23
1097.400	9.6531e-23
1097.500	9.5629e-23
1097.600	9.6321e-23
1097.700	9.8818e-23
1097.800	1.0167e-22
1097.900	1.0513e-22
1098.000	1.0710e-22
1098.100	1.0832e-22
1098.200	1.0857e-22
1098.300	1.0769e-22
1098.400	1.0622e-22
1098.500	1.0334e-22
1098.600	9.9998e-23
1098.700	9.6608e-23
1098.800	9.3912e-23
1098.900	9.2510e-23
1099.000	9.1733e-23
1099.100	9.1731e-23
1099.200	9.1757e-23
1099.300	9.1783e-23
1099.400	9.1808e-23
1099.500	9.1834e-23
1099.600	9.1859e-23
1099.700	9.1884e-23
1099.800	9.1908e-23
1099.900	9.1880e-23
1100.000	9.1030e-23
1100.100	8.9583e-23
1100.200	8.6761e-23
1100.300	8.3395e-23
1100.400	8.0014e-23
1100.500	7.7249e-23
1100.600	7.5822e-23
1100.700	7.5003e-23
1100.800	7.4986e-23
1100.900	7.5008e-23
1101.000	7.5030e-23
1101.100	7.5051e-23
1101.200	7.5073e-23
1101.300	7.5094e-23
1101.400	7.5115e-23
1101.500	7.5135e-23
1101.600	7.5156e-23
1101.700	7.5176e-23
1101.800	7.5196e-23
1101.900	7.5216e-23
1102.000	7.5236e-23
1102.100	7.5255e-23
1102.200	7.5275e-23
1102.300	7.5294e-23
1102.400	7.5313e-23
1102.500	7.5332e-23
1102.600	7.5350e-23
1102.700	7.5369e-23
1102.800	7.5387e-23
1102.900	7.5405e-23
1103.000	7.5423e-23
1103.100	7.5360e-23
1103.200	7.4414e-23
1103.300	7.3028e-23
1103.400	7.0889e-23
1103.500	6.8982e-23
1103.600	6.7658e-23
1103.700	6.6968e-23
1103.800	6.7554e-23
1103.900	6.8882e-23
1104.000	7.0707e-23
1104.100	7.2946e-23
1104.200	7.4417e-23
1104.300	7.5493e-23
1104.400	7.5655e-23
1104.500	7.5670e-23
1104.600	7.5557e-23
1104.700	7.4536e-23
1104.800	7.3110e-23
1104.900	7.0917e-23
1105.000	6.9093e-23
1105.100	6.7788e-23
1105.200	6.7196e-23
1105.300	6.7210e-23
1105.400	6.7224e-23
1105.500	6.7238e-23
1105.600	6.7252e-23
1105.700	6.7265e-23
1105.800	6.7279e-23
1105.900	6.7008e-23
1106.000	6.5839e-23
1106.100	6.4282e-23
1106.200	6.2023e-23
1106.300	6.0386e-23
1106.400	5.9160e-23
1106.500	5.8839e-23
1106.600	5.9747e-23
1106.700	6.1136e-23
1106.800	6.3248e-23
1106.900	6.5261e-23
1107.000	6.6626e-23
1107.100	6.7427e-23
1107.200	6.7454e-23
1107.300	6.7466e-23
1107.400	6.7477e-23
1107.500	6.7488e-23
1107.600	6.7500e-23
1107.700	6.7511e-23
1107.800	6.7363e-23
1107.900	6.6299e-23
1108.000	6.4844e-23
1108.100	6.2624e-23
1108.200	6.0843e-23
1108.300	5.9549e-23
1108.400	5.9013e-23
1108.500	5.9752e-23
1108.600	6.1107e-23
1108.700	6.3060e-23
1108.800	6.5213e-23
1108.900	6.6618e-23
1109.000	6.7575e-23
1109.100	6.7656e-23
1109.200	6.7665e-23
1109.300	6.7675e-23
1109.400	6.7684e-23
1109.500	6.7694e-23
1109.600	6.7703e-23
1109.700	6.7712e-23
1109.800	6.7721e-23
1109.900	6.7710e-23
1110.000	6.6944e-23
