880.000	1.1354e-22
880.100	1.1430e-22
880.200	1.1506e-22
880.300	1.1583e-22
880.400	1.1660e-22
880.500	1.1737e-22
880.600	1.1816e-22
880.700	1.1894e-22
880.800	1.1974e-22
880.900	1.2053e-22
881.000	1.2134e-22
881.100	1.2215e-22
881.200	1.2296e-22
881.300	1.2378e-22
881.400	1.2460e-22
881.500	1.2543e-22
881.600	1.2627e-22
881.700	1.2711e-22
881.800	1.2796e-22
881.900	1.2881e-22
882.000	1.2967e-22
882.100	1.3053e-22
882.200	1.3140e-22
882.300	1.3228e-22
882.400	1.3316e-22
882.500	1.3404e-22
882.600	1.3494e-22
882.700	1.3584e-22
882.800	1.3674e-22
882.900	1.3765e-22
883.000	1.3857e-22
883.100	1.3949e-22
883.200	1.4042e-22
883.300	1.4135e-22
883.400	1.4229e-22
883.500	1.4324e-22
883.600	1.4419e-22
883.700	1.4515e-22
883.800	1.4612e-22
883.900	1.4709e-22
884.000	1.4807e-22
884.100	1.4906e-22
884.200	1.5005e-22
884.300	1.5105e-22
884.400	1.5205e-22
884.500	1.5306e-22
884.600	1.5408e-22
884.700	1.5510e-22
884.800	1.5614e-22
884.900	1.5671e-22
885.000	1.5671e-22
885.100	1.5670e-22
885.200	1.5669e-22
885.300	1.5668e-22
885.400	1.5667e-22
885.500	1.5666e-22
885.600	1.5665e-22
885.700	1.5664e-22
885.800	1.5663e-22
885.900	1.5749e-22
886.000	1.7311e-22
886.100	1.7929e-22
886.200	1.8159e-22
886.300	1.8370e-22
886.400	1.8561e-22
886.500	1.8735e-22
886.600	1.8891e-22
886.700	1.9032e-22
886.800	1.9158e-22
886.900	1.9270e-22
887.000	1.9370e-22
887.100	1.9457e-22
887.200	1.9534e-22
887.300	1.9600e-22
887.400	1.9658e-22
887.500	1.9708e-22
887.600	1.9751e-22
887.700	1.9788e-22
887.800	1.9821e-22
887.900	1.9850e-22
888.000	1.9875e-22
888.100	1.9899e-22
888.200	1.9922e-22
888.300	1.9946e-22
888.400	1.9970e-22
888.500	1.9997e-22
888.600	2.0027e-22
888.700	2.0061e-22
888.800	2.0100e-22
888.900	2.0145e-22
889.000	2.0198e-22
889.100	2.0259e-22
889.200	2.0329e-22
889.300	2.0409e-22
889.400	2.0501e-22
889.500	2.0604e-22
889.600	2.0721e-22
889.700	2.0852e-22
889.800	2.0999e-22
889.900	2.1162e-22
890.000	2.1341e-22
890.100	2.1540e-22
890.200	2.1757e-22
890.300	2.1994e-22
890.400	2.3248e-22
890.500	2.4154e-22
890.600	2.4152e-22
890.700	2.4149e-22
890.800	2.4146e-22
890.900	2.4420e-22
891.000	2.4878e-22
891.100	2.5106e-22
891.200	2.5320e-22
891.300	2.5518e-22
891.400	2.5697e-22
891.500	2.5856e-22
891.600	2.5991e-22
891.700	2.6100e-22
891.800	2.6182e-22
891.900	2.6233e-22
892.000	2.6251e-22
892.100	2.5591e-22
892.200	2.4752e-22
892.300	2.4385e-22
892.400	2.4048e-22
892.500	2.3737e-22
892.600	2.3451e-22
892.700	2.3188e-22
892.800	2.2946e-22
892.900	2.2723e-22
893.000	2.2518e-22
893.100	2.2328e-22
893.200	2.2152e-22
893.300	2.1988e-22
893.400	2.1834e-22
893.500	2.1687e-22
893.600	2.1547e-22
893.700	2.1412e-22
893.800	2.1278e-22
893.900	2.1146e-22
894.000	2.1012e-22
894.100	2.0874e-22
894.200	2.0732e-22
894.300	2.0583e-22
894.400	2.0425e-22
894.500	2.0246e-22
894.600	2.0054e-22
894.700	1.9878e-22
894.800	1.9745e-22
894.900	1.9684e-22
895.000	1.9679e-22
895.100	1.9679e-22
895.200	1.9684e-22
895.300	1.9694e-22
895.400	1.9709e-22
895.500	1.9730e-22
895.600	1.9757e-22
895.700	1.9789e-22
895.800	1.9828e-22
895.900	1.9874e-22
896.000	1.9926e-22
896.100	1.9985e-22
896.200	2.0051e-22
896.300	2.0125e-22
896.400	2.0206e-22
896.500	2.0295e-22
896.600	2.0392e-22
896.700	2.0498e-22
896.800	2.0612e-22
896.900	2.0735e-22
897.000	2.0867e-22
897.100	2.1009e-22
897.200	2.1160e-22
897.300	2.1320e-22
897.400	2.1491e-22
897.500	2.1672e-22
897.600	2.1863e-22
897.700	2.2065e-22
897.800	2.2278e-22
897.900	2.3147e-22
898.000	2.3697e-22
898.100	2.3686e-22
898.200	2.3673e-22
898.300	2.3661e-22
898.400	2.3648e-22
898.500	2.3639e-22
898.600	2.3813e-22
898.700	2.4119e-22
898.800	2.4569e-22
898.900	2.4856e-22
899.000	2.4996e-22
899.100	2.4981e-22
899.200	2.4984e-22
899.300	2.5194e-22
899.400	2.5530e-22
899.500	2.5961e-22
899.600	2.6225e-22
899.700	2.6316e-22
899.800	2.6300e-22
899.900	2.6283e-22
900.000	2.6265e-22
900.100	2.6351e-22
900.200	2.6611e-22
900.300	2.7002e-22
900.400	2.7422e-22
900.500	2.7822e-22
900.600	2.8245e-22
900.700	2.8625e-22
900.800	2.8879e-22
900.900	2.8949e-22
901.000	2.8928e-22
901.100	2.8906e-22
901.200	2.8884e-22
901.300	2.9159e-22
901.400	2.9599e-22
901.500	2.9829e-22
901.600	3.0006e-22
901.700	3.0154e-22
901.800	3.0295e-22
901.900	3.0454e-22
902.000	3.0652e-22
902.100	3.0946e-22
902.200	3.1429e-22
902.300	3.1467e-22
902.400	3.1439e-22
902.500	3.1410e-22
902.600	3.1381e-22
902.700	3.1351e-22
902.800	3.1321e-22
902.900	3.1290e-22
903.000	3.1481e-22
903.100	3.2011e-22
903.200	3.2876e-22
903.300	3.3539e-22
903.400	3.3949e-22
903.500	3.3947e-22
903.600	3.3911e-22
903.700	3.3875e-22
903.800	3.3855e-22
903.900	3.4040e-22
904.000	3.4352e-22
904.100	3.4760e-22
904.200	3.4954e-22
904.300	3.5107e-22
904.400	3.5258e-22
904.500	3.5524e-22
904.600	3.5940e-22
904.700	3.6188e-22
904.800	3.6279e-22
904.900	3.6233e-22
905.000	3.6186e-22
905.100	3.6137e-22
905.200	3.6166e-22
905.300	3.6385e-22
905.400	3.6723e-22
905.500	3.7116e-22
905.600	3.7481e-22
905.700	3.7863e-22
905.800	3.8227e-22
905.900	3.8409e-22
906.000	3.8545e-22
906.100	3.8679e-22
906.200	3.8905e-22
906.300	3.9293e-22
906.400	3.9654e-22
906.500	4.0009e-22
906.600	4.0364e-22
906.700	4.0716e-22
906.800	4.1068e-22
906.900	4.1439e-22
907.000	4.1776e-22
907.100	4.1982e-22
907.200	4.2010e-22
907.300	4.1935e-22
907.400	4.1955e-22
907.500	4.2389e-22
907.600	4.3092e-22
907.700	4.3823e-22
907.800	4.4200e-22
907.900	4.4404e-22
908.000	4.4501e-22
908.100	4.4859e-22
908.200	4.5474e-22
908.300	4.6042e-22
908.400	4.6502e-22
908.500	4.6816e-22
908.600	4.7150e-22
908.700	4.7466e-22
908.800	4.7599e-22
908.900	4.7689e-22
909.000	4.7769e-22
909.100	4.8012e-22
909.200	4.8594e-22
909.300	4.9269e-22
909.400	5.0029e-22
909.500	5.0449e-22
909.600	5.0862e-22
909.700	5.1234e-22
909.800	5.1625e-22
909.900	5.2119e-22
910.000	5.2960e-22
910.100	5.3710e-22
910.200	5.4131e-22
910.300	5.4477e-22
910.400	5.4914e-22
910.500	5.5619e-22
910.600	5.6583e-22
910.700	5.7943e-22
910.800	5.8906e-22
910.900	5.9497e-22
911.000	5.9950e-22
911.100	6.0389e-22
911.200	6.0937e-22
911.300	6.1761e-22
911.400	6.3127e-22
911.500	6.4136e-22
911.600	6.4933e-22
911.700	6.5688e-22
911.800	6.6755e-22
911.900	6.9131e-22
912.000	7.0536e-22
912.100	7.1418e-22
912.200	7.2120e-22
912.300	7.2687e-22
912.400	7.3164e-22
912.500	7.3598e-22
912.600	7.4034e-22
912.700	7.4517e-22
912.800	7.5093e-22
912.900	7.5809e-22
913.000	7.6714e-22
913.100	7.7923e-22
913.200	7.9432e-22
913.300	8.1200e-22
913.400	8.3735e-22
913.500	8.5973e-22
913.600	8.7177e-22
913.700	8.8064e-22
913.800	8.8833e-22
913.900	8.9678e-22
914.000	9.0799e-22
914.100	9.2500e-22
914.200	9.4054e-22
914.300	9.5252e-22
914.400	9.6755e-22
914.500	9.8491e-22
914.600	1.0017e-21
914.700	1.0184e-21
914.800	1.0352e-21
914.900	1.0520e-21
915.000	1.0688e-21
915.100	1.0828e-21
915.200	1.1068e-21
915.300	1.2489e-21
915.400	1.3367e-21
915.500	1.3812e-21
915.600	1.4170e-21
915.700	1.4453e-21
915.800	1.4677e-21
915.900	1.4857e-21
916.000	1.5005e-21
916.100	1.5139e-21
916.200	1.5270e-21
916.300	1.5415e-21
916.400	1.5588e-21
916.500	1.5803e-21
916.600	1.6075e-21
916.700	1.6419e-21
916.800	1.6848e-21
916.900	1.7392e-21
917.000	1.9101e-21
917.100	2.0346e-21
917.200	2.0924e-21
917.300	2.1540e-21
917.400	2.2169e-21
917.500	2.2798e-21
917.600	2.3426e-21
917.700	2.4051e-21
917.800	2.4698e-21
917.900	2.5375e-21
918.000	2.6112e-21
918.100	2.6881e-21
918.200	2.7667e-21
918.300	2.8405e-21
918.400	2.9090e-21
918.500	2.9744e-21
918.600	3.0396e-21
918.700	3.1103e-21
918.800	3.1830e-21
918.900	3.2569e-21
919.000	3.3277e-21
919.100	3.3963e-21
919.200	3.4641e-21
919.300	3.5300e-21
919.400	3.5940e-21
919.500	3.6516e-21
919.600	3.7030e-21
919.700	3.7464e-21
919.800	3.7829e-21
919.900	3.8132e-21
920.000	3.8391e-21
920.100	3.8618e-21
920.200	3.8836e-21
920.300	3.9039e-21
920.400	3.9251e-21
920.500	3.9321e-21
920.600	3.9321e-21
920.700	3.9256e-21
920.800	3.9020e-21
920.900	3.8796e-21
921.000	3.8561e-21
921.100	3.8335e-21
921.200	3.8085e-21
921.300	3.7808e-21
921.400	3.7521e-21
921.500	3.7222e-21
921.600	3.6911e-21
921.700	3.6587e-21
921.800	3.6250e-21
921.900	3.5912e-21
922.000	3.5578e-21
922.100	3.5250e-21
922.200	3.4962e-21
922.300	3.4718e-21
922.400	3.4570e-21
922.500	3.4475e-21
922.600	3.4411e-21
922.700	3.4343e-21
922.800	3.4233e-21
922.900	3.3996e-21
923.000	3.3518e-21
923.100	3.3222e-21
923.200	3.3009e-21
923.300	3.2825e-21
923.400	3.2633e-21
923.500	3.2391e-21
923.600	3.2013e-21
923.700	3.1555e-21
923.800	3.1308e-21
923.900	3.1086e-21
924.000	3.0833e-21
924.100	3.0579e-21
924.200	3.0328e-21
924.300	3.0090e-21
924.400	2.9866e-21
924.500	2.9659e-21
924.600	2.9442e-21
924.700	2.9211e-21
924.800	2.8964e-21
924.900	2.8711e-21
925.000	2.8474e-21
925.100	2.8258e-21
925.200	2.8068e-21
925.300	2.7903e-21
925.400	2.7762e-21
925.500	2.7664e-21
925.600	2.7536e-21
925.700	2.7235e-21
925.800	2.6783e-21
925.900	2.6172e-21
926.000	2.5743e-21
926.100	2.5491e-21
926.200	2.5428e-21
926.300	2.5365e-21
926.400	2.5281e-21
926.500	2.5171e-21
926.600	2.5039e-21
926.700	2.4913e-21
926.800	2.4787e-21
926.900	2.4659e-21
927.000	2.4544e-21
927.100	2.4442e-21
927.200	2.4352e-21
927.300	2.4275e-21
927.400	2.4209e-21
927.500	2.4158e-21
927.600	2.4119e-21
927.700	2.4063e-21
927.800	2.3997e-21
927.900	2.3927e-21
928.000	2.3883e-21
928.100	2.3864e-21
928.200	2.3845e-21
928.300	2.3823e-21
928.400	2.3785e-21
928.500	2.3740e-21
928.600	2.3698e-21
928.700	2.3652e-21
928.800	2.3609e-21
928.900	2.3694e-21
929.000	2.3875e-21
929.100	2.4038e-21
929.200	2.4208e-21
929.300	2.4380e-21
929.400	2.4576e-21
929.500	2.4714e-21
929.600	2.4697e-21
929.700	2.4671e-21
929.800	2.4646e-21
929.900	2.4650e-21
930.000	2.4676e-21
930.100	2.4696e-21
930.200	2.4720e-21
930.300	2.4754e-21
930.400	2.4903e-21
930.500	2.5310e-21
930.600	2.5458e-21
930.700	2.5564e-21
930.800	2.5648e-21
930.900	2.5713e-21
931.000	2.5766e-21
931.100	2.5809e-21
931.200	2.5847e-21
931.300	2.5884e-21
931.400	2.5926e-21
931.500	2.5975e-21
931.600	2.6037e-21
931.700	2.6116e-21
931.800	2.6216e-21
931.900	2.6349e-21
932.000	2.6704e-21
932.100	2.6835e-21
932.200	2.6852e-21
932.300	2.6871e-21
932.400	2.6894e-21
932.500	2.6938e-21
932.600	2.6974e-21
932.700	2.6997e-21
932.800	2.6992e-21
932.900	2.6966e-21
933.000	2.6940e-21
933.100	2.6930e-21
933.200	2.6972e-21
933.300	2.7038e-21
933.400	2.7129e-21
933.500	2.7202e-21
933.600	2.7253e-21
933.700	2.7280e-21
933.800	2.7286e-21
933.900	2.7286e-21
934.000	2.7286e-21
934.100	2.7286e-21
934.200	2.7286e-21
934.300	2.7288e-21
934.400	2.7311e-21
934.500	2.7337e-21
934.600	2.7357e-21
934.700	2.7330e-21
934.800	2.7275e-21
934.900	2.7205e-21
935.000	2.7164e-21
935.100	2.7144e-21
935.200	2.7143e-21
935.300	2.7143e-21
935.400	2.7109e-21
935.500	2.7043e-21
935.600	2.6931e-21
935.700	2.6823e-21
935.800	2.6719e-21
935.900	2.6618e-21
936.000	2.6503e-21
936.100	2.6356e-21
936.200	2.6196e-21
936.300	2.6026e-21
936.400	2.5860e-21
936.500	2.5689e-21
936.600	2.5502e-21
936.700	2.5303e-21
936.800	2.5091e-21
936.900	2.4883e-21
937.000	2.4672e-21
937.100	2.4442e-21
937.200	2.4210e-21
937.300	2.3977e-21
937.400	2.3762e-21
937.500	2.3554e-21
937.600	2.3311e-21
937.700	2.3049e-21
937.800	2.2771e-21
937.900	2.2521e-21
938.000	2.2295e-21
938.100	2.2049e-21
938.200	2.1795e-21
938.300	2.1531e-21
938.400	2.1316e-21
938.500	2.1152e-21
938.600	2.1013e-21
938.700	2.0894e-21
938.800	2.0781e-21
938.900	2.0690e-21
939.000	2.0617e-21
939.100	2.0617e-21
939.200	2.0670e-21
939.300	2.0842e-21
939.400	2.1066e-21
939.500	2.1208e-21
939.600	2.1335e-21
939.700	2.1491e-21
939.800	2.1737e-21
939.900	2.2056e-21
940.000	2.2382e-21
940.100	2.2743e-21
940.200	2.3147e-21
940.300	2.3549e-21
940.400	2.3946e-21
940.500	2.4323e-21
940.600	2.4704e-21
940.700	2.5099e-21
940.800	2.5520e-21
940.900	2.5966e-21
941.000	2.6408e-21
941.100	2.6844e-21
941.200	2.7259e-21
941.300	2.7695e-21
941.400	2.8160e-21
941.500	2.8628e-21
941.600	2.9082e-21
941.700	2.9493e-21
941.800	2.9867e-21
941.900	3.0209e-21
942.000	3.0480e-21
942.100	3.0697e-21
942.200	3.0873e-21
942.300	3.1036e-21
942.400	3.1209e-21
942.500	3.1360e-21
942.600	3.1485e-21
942.700	3.1547e-21
942.800	3.1571e-21
942.900	3.1551e-21
943.000	3.1526e-21
943.100	3.1502e-21
943.200	3.1513e-21
943.300	3.1536e-21
943.400	3.1536e-21
943.500	3.1531e-21
943.600	3.1464e-21
943.700	3.1376e-21
943.800	3.1264e-21
943.900	3.1140e-21
944.000	3.1016e-21
944.100	3.0909e-21
944.200	3.0817e-21
944.300	3.0736e-21
944.400	3.0639e-21
944.500	3.0529e-21
944.600	3.0404e-21
944.700	3.0277e-21
944.800	3.0151e-21
944.900	3.0024e-21
945.000	2.9899e-21
945.100	2.9786e-21
945.200	2.9695e-21
945.300	2.9627e-21
945.400	2.9593e-21
945.500	2.9575e-21
945.600	2.9556e-21
945.700	2.9531e-21
945.800	2.9469e-21
945.900	2.9397e-21
946.000	2.9327e-21
946.100	2.9321e-21
946.200	2.9321e-21
946.300	2.9378e-21
946.400	2.9446e-21
946.500	2.9494e-21
946.600	2.9480e-21
946.700	2.9401e-21
946.800	2.9287e-21
946.900	2.9153e-21
947.000	2.9030e-21
947.100	2.8895e-21
947.200	2.8746e-21
947.300	2.8583e-21
947.400	2.8413e-21
947.500	2.8246e-21
947.600	2.8079e-21
947.700	2.7912e-21
947.800	2.7729e-21
947.900	2.7539e-21
948.000	2.7356e-21
948.100	2.7220e-21
948.200	2.7129e-21
948.300	2.7089e-21
948.400	2.7072e-21
948.500	2.7071e-21
948.600	2.7070e-21
948.700	2.7030e-21
948.800	2.6971e-21
948.900	2.6903e-21
949.000	2.6875e-21
949.100	2.6856e-21
949.200	2.6837e-21
949.300	2.6809e-21
949.400	2.6763e-21
949.500	2.6736e-21
949.600	2.6716e-21
949.700	2.6681e-21
949.800	2.6627e-21
949.900	2.6535e-21
950.000	2.6469e-21
950.100	2.6430e-21
950.200	2.6429e-21
950.300	2.6429e-21
950.400	2.6429e-21
950.500	2.6429e-21
950.600	2.6429e-21
950.700	2.6420e-21
950.800	2.6392e-21
950.900	2.6342e-21
951.000	2.6321e-21
951.100	2.6321e-21
951.200	2.6336e-21
951.300	2.6388e-21
951.400	2.6434e-21
951.500	2.6470e-21
951.600	2.6495e-21
951.700	2.6491e-21
951.800	2.6441e-21
951.900	2.6366e-21
952.000	2.6280e-21
952.100	2.6213e-21
952.200	2.6161e-21
952.300	2.6122e-21
952.400	2.6069e-21
952.500	2.6002e-21
952.600	2.5918e-21
952.700	2.5838e-21
952.800	2.5774e-21
952.900	2.5724e-21
953.000	2.5684e-21
953.100	2.5633e-21
953.200	2.5607e-21
953.300	2.5607e-21
953.400	2.5620e-21
953.500	2.5674e-21
953.600	2.5679e-21
953.700	2.5678e-21
953.800	2.5631e-21
953.900	2.5609e-21
954.000	2.5631e-21
954.100	2.5688e-21
954.200	2.5782e-21
954.300	2.5831e-21
954.400	2.5863e-21
954.500	2.5882e-21
954.600	2.5911e-21
954.700	2.5957e-21
954.800	2.5997e-21
954.900	2.6042e-21
955.000	2.6100e-21
955.100	2.6180e-21
955.200	2.6290e-21
955.300	2.6400e-21
955.400	2.6501e-21
955.500	2.6569e-21
955.600	2.6621e-21
955.700	2.6660e-21
955.800	2.6712e-21
955.900	2.6778e-21
956.000	2.6858e-21
956.100	2.6944e-21
956.200	2.7026e-21
956.300	2.7119e-21
956.400	2.7225e-21
956.500	2.7348e-21
956.600	2.7473e-21
956.700	2.7582e-21
956.800	2.7676e-21
956.900	2.7757e-21
957.000	2.7852e-21
957.100	2.7961e-21
957.200	2.8084e-21
957.300	2.8212e-21
957.400	2.8340e-21
957.500	2.8455e-21
957.600	2.8558e-21
957.700	2.8643e-21
957.800	2.8728e-21
957.900	2.8829e-21
958.000	2.8952e-21
958.100	2.9103e-21
958.200	2.9269e-21
958.300	2.9434e-21
958.400	2.9568e-21
958.500	2.9674e-21
958.600	2.9754e-21
958.700	2.9849e-21
958.800	2.9957e-21
958.900	3.0059e-21
959.000	3.0168e-21
959.100	3.0289e-21
959.200	3.0446e-21
959.300	3.0643e-21
959.400	3.0837e-21
959.500	3.1018e-21
959.600	3.1168e-21
959.700	3.1303e-21
959.800	3.1426e-21
959.900	3.1562e-21
960.000	3.1714e-21
960.100	3.1896e-21
960.200	3.2096e-21
960.300	3.2309e-21
960.400	3.2510e-21
960.500	3.2696e-21
960.600	3.2854e-21
960.700	3.2986e-21
960.800	3.3093e-21
960.900	3.3185e-21
961.000	3.3266e-21
961.100	3.3361e-21
961.200	3.3473e-21
961.300	3.3624e-21
961.400	3.3761e-21
961.500	3.3874e-21
961.600	3.3909e-21
961.700	3.3927e-21
961.800	3.3964e-21
961.900	3.4014e-21
962.000	3.4081e-21
962.100	3.4131e-21
962.200	3.4171e-21
962.300	3.4227e-21
962.400	3.4297e-21
962.500	3.4383e-21
962.600	3.4460e-21
962.700	3.4522e-21
962.800	3.4565e-21
962.900	3.4609e-21
963.000	3.4715e-21
963.100	3.4890e-21
963.200	3.5189e-21
963.300	3.5574e-21
963.400	3.6065e-21
963.500	3.6659e-21
963.600	3.7327e-21
963.700	3.8047e-21
963.800	3.8750e-21
963.900	3.9419e-21
964.000	4.0048e-21
964.100	4.0491e-21
964.200	4.0704e-21
964.300	4.0711e-21
964.400	4.0417e-21
964.500	4.0098e-21
964.600	3.9717e-21
964.700	3.9295e-21
964.800	3.8537e-21
964.900	3.6666e-21
965.000	3.5219e-21
965.100	3.4193e-21
965.200	3.3301e-21
965.300	3.2335e-21
965.400	3.1088e-21
965.500	2.9035e-21
965.600	2.5785e-21
965.700	2.4284e-21
965.800	2.3508e-21
965.900	2.3219e-21
966.000	2.2980e-21
966.100	2.2734e-21
966.200	2.2449e-21
966.300	2.2123e-21
966.400	2.1753e-21
966.500	2.1370e-21
966.600	2.0995e-21
966.700	2.0607e-21
966.800	2.0206e-21
966.900	1.9805e-21
967.000	1.9411e-21
967.100	1.9033e-21
967.200	1.8657e-21
967.300	1.8280e-21
967.400	1.7906e-21
967.500	1.7525e-21
967.600	1.7114e-21
967.700	1.6677e-21
967.800	1.6213e-21
967.900	1.5752e-21
968.000	1.5290e-21
968.100	1.4809e-21
968.200	1.4329e-21
968.300	1.3864e-21
968.400	1.3427e-21
968.500	1.3014e-21
968.600	1.2563e-21
968.700	1.2097e-21
968.800	1.1624e-21
968.900	1.1198e-21
969.000	1.0824e-21
969.100	1.0474e-21
969.200	1.0147e-21
969.300	9.8344e-22
969.400	9.5799e-22
969.500	9.3886e-22
969.600	9.2422e-22
969.700	9.1226e-22
969.800	8.9916e-22
969.900	8.8754e-22
970.000	8.7801e-22
970.100	8.7352e-22
970.200	8.7152e-22
970.300	8.7143e-22
970.400	8.7143e-22
970.500	8.7143e-22
970.600	8.7143e-22
970.700	8.7143e-22
970.800	8.7074e-22
970.900	8.6802e-22
971.000	8.6269e-22
971.100	8.5534e-22
971.200	8.4705e-22
971.300	8.3760e-22
971.400	8.2686e-22
971.500	8.1450e-22
971.600	8.0208e-22
971.700	7.9159e-22
971.800	7.8130e-22
971.900	7.7093e-22
972.000	7.5858e-22
972.100	7.4623e-22
972.200	7.3691e-22
972.300	7.3056e-22
972.400	7.2672e-22
972.500	7.2159e-22
972.600	7.1494e-22
972.700	7.0712e-22
972.800	6.9804e-22
972.900	6.8750e-22
973.000	6.7643e-22
973.100	6.6571e-22
973.200	6.5971e-22
973.300	6.5717e-22
973.400	6.6061e-22
973.500	6.6772e-22
973.600	6.8145e-22
973.700	6.9474e-22
973.800	7.0695e-22
973.900	7.1566e-22
974.000	7.2380e-22
974.100	7.3242e-22
974.200	7.3970e-22
974.300	7.4575e-22
974.400	7.5055e-22
974.500	7.5401e-22
974.600	7.5609e-22
974.700	7.5798e-22
974.800	7.5996e-22
974.900	7.6636e-22
975.000	7.7933e-22
975.100	7.9871e-22
975.200	8.2320e-22
975.300	8.5260e-22
975.400	8.8791e-22
975.500	9.2959e-22
975.600	9.7619e-22
975.700	1.0263e-21
975.800	1.0782e-21
975.900	1.1337e-21
976.000	1.1931e-21
976.100	1.2561e-21
976.200	1.3229e-21
976.300	1.3931e-21
976.400	1.4681e-21
976.500	1.5484e-21
976.600	1.6307e-21
976.700	1.7155e-21
976.800	1.8022e-21
976.900	1.8932e-21
977.000	1.9900e-21
977.100	2.0880e-21
977.200	2.1868e-21
977.300	2.2844e-21
977.400	2.3847e-21
977.500	2.4904e-21
977.600	2.6029e-21
977.700	2.7234e-21
977.800	2.8549e-21
977.900	2.9986e-21
978.000	3.1566e-21
978.100	3.3212e-21
978.200	3.4922e-21
978.300	3.9770e-21
978.400	4.7607e-21
978.500	5.2383e-21
978.600	5.6138e-21
978.700	5.9573e-21
978.800	6.3386e-21
978.900	6.8277e-21
979.000	7.6405e-21
979.100	8.4287e-21
979.200	8.8513e-21
979.300	9.2769e-21
979.400	9.7384e-21
979.500	1.0172e-20
979.600	1.0599e-20
979.700	1.1026e-20
979.800	1.1534e-20
979.900	1.2184e-20
980.000	1.2996e-20
980.100	1.3938e-20
980.200	1.4864e-20
980.300	1.5613e-20
980.400	1.6127e-20
980.500	1.6503e-20
980.600	1.6796e-20
980.700	1.7171e-20
980.800	1.7396e-20
980.900	1.7415e-20
981.000	1.7352e-20
981.100	1.6905e-20
981.200	1.6476e-20
981.300	1.6076e-20
981.400	1.5802e-20
981.500	1.5531e-20
981.600	1.5226e-20
981.700	1.4764e-20
981.800	1.4090e-20
981.900	1.3264e-20
982.000	1.2332e-20
982.100	1.1416e-20
982.200	9.9775e-21
982.300	7.9133e-21
982.400	6.8757e-21
982.500	6.1474e-21
982.600	5.5880e-21
982.700	5.1044e-21
982.800	4.6034e-21
982.900	3.9919e-21
983.000	3.1769e-21
983.100	1.6075e-21
983.200	7.5264e-22
983.300	6.3786e-22
983.400	6.2952e-22
983.500	6.4250e-22
983.600	5.9893e-22
983.700	4.9169e-22
983.800	4.4490e-22
983.900	4.0256e-22
984.000	3.6426e-22
984.100	3.2959e-22
984.200	2.9823e-22
984.300	2.6985e-22
984.400	2.4417e-22
984.500	2.2093e-22
984.600	1.9991e-22
984.700	1.8088e-22
984.800	1.6367e-22
984.900	1.4810e-22
985.000	1.3400e-22
985.100	1.2125e-22
985.200	1.0971e-22
985.300	9.9271e-23
985.400	8.9824e-23
985.500	8.1276e-23
985.600	7.3542e-23
985.700	6.6544e-23
985.800	6.0211e-23
985.900	5.4481e-23
986.000	4.9297e-23
986.100	4.4605e-23
986.200	4.0361e-23
986.300	3.6520e-23
986.400	3.3045e-23
986.500	2.9900e-23
986.600	2.7055e-23
986.700	2.4480e-23
986.800	2.2150e-23
986.900	2.0043e-23
987.000	1.8135e-23
987.100	1.6409e-23
987.200	1.4848e-23
987.300	1.3435e-23
987.400	1.2156e-23
987.500	1.1000e-23
987.600	9.9528e-24
987.700	9.0057e-24
987.800	8.1487e-24
987.900	7.3732e-24
988.000	6.6716e-24
988.100	6.0367e-24
988.200	5.4622e-24
988.300	4.9424e-24
988.400	4.4721e-24
988.500	4.0465e-24
988.600	3.6614e-24
988.700	3.3130e-24
988.800	2.9977e-24
988.900	2.7125e-24
989.000	2.4543e-24
989.100	2.2208e-24
989.200	2.0094e-24
989.300	1.8182e-24
989.400	1.6452e-24
989.500	1.4886e-24
989.600	1.3470e-24
989.700	1.2188e-24
989.800	1.1028e-24
989.900	9.9786e-25
990.000	9.0290e-25
990.100	8.1698e-25
990.200	7.3923e-25
990.300	6.6888e-25
990.400	6.0523e-25
990.500	5.4764e-25
990.600	4.9552e-25
990.700	4.4837e-25
990.800	4.0570e-25
990.900	3.6709e-25
991.000	3.3216e-25
991.100	3.0055e-25
991.200	2.7195e-25
991.300	2.4607e-25
991.400	2.2265e-25
991.500	2.0146e-25
991.600	1.8229e-25
991.700	1.6494e-25
991.800	1.4925e-25
991.900	1.3505e-25
992.000	1.2219e-25
992.100	1.1057e-25
992.200	1.0004e-25
992.300	9.0524e-26
992.400	8.1909e-26
992.500	7.4115e-26
992.600	6.7062e-26
992.700	6.0680e-26
992.800	5.4905e-26
992.900	4.9680e-26
993.000	4.4953e-26
993.100	4.0675e-26
993.200	3.6804e-26
993.300	3.3302e-26
993.400	3.0133e-26
993.500	2.7265e-26
993.600	2.4671e-26
993.700	2.2323e-26
993.800	2.0199e-26
993.900	1.8276e-26
994.000	1.6537e-26
994.100	1.4963e-26
994.200	1.3540e-26
994.300	1.2251e-26
994.400	1.1085e-26
994.500	1.0030e-26
994.600	9.0758e-27
994.700	8.2121e-27
994.800	7.4306e-27
994.900	6.7235e-27
995.000	6.0837e-27
995.100	5.5048e-27
995.200	4.9809e-27
995.300	4.5069e-27
995.400	4.0780e-27
995.500	3.6899e-27
995.600	3.3388e-27
995.700	3.0211e-27
995.800	2.7336e-27
995.900	2.4734e-27
996.000	2.2381e-27
996.100	2.0251e-27
996.200	1.8324e-27
996.300	1.6580e-27
996.400	1.5002e-27
996.500	1.3575e-27
996.600	1.2283e-27
996.700	1.1114e-27
996.800	1.0056e-27
996.900	9.0993e-28
997.000	8.2334e-28
997.100	7.4499e-28
997.200	6.7409e-28
997.300	6.0994e-28
997.400	5.5190e-28
997.500	4.9938e-28
997.600	4.5186e-28
997.700	4.0886e-28
997.800	3.6995e-28
997.900	3.3474e-28
998.000	3.0289e-28
998.100	2.7407e-28
998.200	2.4798e-28
998.300	2.2439e-28
998.400	2.0303e-28
998.500	1.8371e-28
998.600	1.6623e-28
998.700	1.5041e-28
998.800	1.3610e-28
998.900	1.2315e-28
999.000	1.1143e-28
999.100	1.0082e-28
999.200	9.1228e-29
999.300	8.2547e-29
999.400	7.4692e-29
999.500	6.7584e-29
999.600	6.1152e-29
999.700	5.5333e-29
999.800	5.0067e-29
999.900	4.5303e-29
1000.000	4.0992e-29
1000.100	3.7091e-29
1000.200	3.3561e-29
1000.300	3.0367e-29
1000.400	2.7477e-29
1000.500	2.4863e-29
1000.600	2.2497e-29
1000.700	2.0356e-29
1000.800	1.8419e-29
1000.900	1.6666e-29
1001.000	1.5080e-29
1001.100	1.3645e-29
1001.200	1.2346e-29
1001.300	1.1172e-29
1001.400	1.0108e-29
1001.500	9.1465e-30
1001.600	8.2761e-30
1001.700	7.4885e-30
1001.800	6.7759e-30
1001.900	6.1311e-30
1002.000	5.5476e-30
1002.100	5.0197e-30
1002.200	4.5420e-30
1002.300	4.1098e-30
1002.400	3.7187e-30
1002.500	3.3648e-30
1002.600	3.0446e-30
1002.700	2.7549e-30
1002.800	2.4927e-30
1002.900	2.2555e-30
1003.000	2.0409e-30
1003.100	1.8466e-30
1003.200	1.6709e-30
1003.300	1.5119e-30
1003.400	1.3680e-30
1003.500	1.2378e-30
1003.600	1.1200e-30
1003.700	1.0135e-30
1003.800	9.1701e-31
1003.900	8.2975e-31
1004.000	7.5079e-31
1004.100	6.7934e-31
1004.200	6.1469e-31
1004.300	5.5620e-31
1004.400	5.0327e-31
1004.500	4.5538e-31
1004.600	4.1204e-31
1004.700	3.7283e-31
1004.800	3.3735e-31
1004.900	3.0525e-31
1005.000	2.7620e-31
1005.100	2.4992e-31
1005.200	2.2613e-31
1005.300	2.0461e-31
1005.400	1.8514e-31
1005.500	1.6752e-31
1005.600	1.5158e-31
1005.700	1.3716e-31
1005.800	1.2410e-31
1005.900	1.1229e-31
1006.000	1.0161e-31
1006.100	9.1939e-32
1006.200	8.3190e-32
1006.300	7.5273e-32
1006.400	6.8110e-32
1006.500	6.1628e-32
1006.600	5.5764e-32
1006.700	5.0457e-32
1006.800	4.5655e-32
1006.900	4.1311e-32
1007.000	3.7379e-32
1007.100	3.3822e-32
1007.200	3.0604e-32
1007.300	2.7691e-32
1007.400	2.5056e-32
1007.500	2.2672e-32
1007.600	2.0514e-32
1007.700	1.8562e-32
1007.800	1.6796e-32
1007.900	1.5197e-32
1008.000	1.3751e-32
1008.100	1.2443e-32
1008.200	1.1258e-32
1008.300	1.0187e-32
1008.400	9.2177e-33
1008.500	8.3405e-33
1008.600	7.5468e-33
1008.700	6.8286e-33
1008.800	6.1788e-33
1008.900	5.5908e-33
1009.000	5.0588e-33
1009.100	4.5774e-33
1009.200	4.1418e-33
1009.300	3.7476e-33
1009.400	3.3910e-33
1009.500	3.0683e-33
1009.600	2.7763e-33
1009.700	2.5121e-33
1009.800	2.2730e-33
1009.900	2.0567e-33
1010.000	1.8610e-33
1010.100	1.6839e-33
1010.200	1.5237e-33
1010.300	1.3787e-33
1010.400	1.2475e-33
1010.500	1.1288e-33
1010.600	1.0213e-33
1010.700	9.2415e-34
1010.800	8.3621e-34
1010.900	7.5663e-34
1011.000	6.8463e-34
1011.100	6.1948e-34
1011.200	5.6053e-34
1011.300	5.0719e-34
1011.400	4.5892e-34
1011.500	4.1525e-34
1011.600	3.7573e-34
1011.700	3.3998e-34
1011.800	3.0762e-34
1011.900	2.7835e-34
1012.000	2.5186e-34
1012.100	2.2789e-34
1012.200	2.0621e-34
1012.300	1.8658e-34
1012.400	1.6883e-34
1012.500	1.5276e-34
1012.600	1.3822e-34
1012.700	1.2507e-34
1012.800	1.1317e-34
1012.900	1.0240e-34
1013.000	9.2654e-35
1013.100	8.3837e-35
1013.200	7.5859e-35
1013.300	6.8640e-35
1013.400	6.2108e-35
1013.500	5.6198e-35
1013.600	5.0850e-35
1013.700	4.6011e-35
1013.800	4.1632e-35
1013.900	3.7671e-35
1014.000	3.4086e-35
1014.100	3.0842e-35
1014.200	2.7907e-35
1014.300	2.5251e-35
1014.400	2.2848e-35
1014.500	2.0674e-35
1014.600	1.8707e-35
1014.700	1.6926e-35
1014.800	1.5316e-35
1014.900	1.3858e-35
1015.000	1.2539e-35
1015.100	1.1346e-35
1015.200	1.0266e-35
1015.300	9.2894e-36
1015.400	8.4054e-36
1015.500	7.6055e-36
1015.600	6.8818e-36
1015.700	6.2269e-36
1015.800	5.6343e-36
1015.900	5.0981e-36
1016.000	4.6130e-36
1016.100	4.1740e-36
1016.200	3.7768e-36
1016.300	3.4174e-36
1016.400	3.0922e-36
1016.500	2.7979e-36
1016.600	2.5317e-36
1016.700	2.2907e-36
1016.800	2.0728e-36
1016.900	1.8755e-36
1017.000	1.6970e-36
1017.100	1.5355e-36
1017.200	1.3894e-36
1017.300	1.2572e-36
1017.400	1.1376e-36
1017.500	1.0293e-36
1017.600	9.3135e-37
1017.700	8.4272e-37
1017.800	7.6252e-37
1017.900	6.8996e-37
1018.000	6.2430e-37
1018.100	5.6489e-37
1018.200	5.1113e-37
1018.300	4.6249e-37
1018.400	4.1848e-37
1018.500	3.7866e-37
1018.600	3.4262e-37
1018.700	3.1002e-37
1018.800	2.8052e-37
1018.900	2.5382e-37
1019.000	2.2967e-37
1019.100	2.0781e-37
1019.200	1.8804e-37
1019.300	1.7014e-37
1019.400	1.5395e-37
1019.500	1.3930e-37
1019.600	1.2604e-37
1019.700	1.1405e-37
1019.800	1.0320e-37
1019.900	9.3376e-38
1020.000	8.4490e-38
1020.100	7.6450e-38
1020.200	6.9175e-38
1020.300	6.2592e-38
1020.400	5.6635e-38
1020.500	5.1246e-38
1020.600	4.6369e-38
1020.700	4.1956e-38
1020.800	3.7964e-38
1020.900	3.4351e-38
1021.000	3.1082e-38
1021.100	2.8124e-38
1021.200	2.5448e-38
1021.300	2.3026e-38
1021.400	2.0835e-38
1021.500	1.8852e-38
1021.600	1.7058e-38
1021.700	1.5435e-38
1021.800	1.3966e-38
1021.900	1.2637e-38
1022.000	1.1434e-38
1022.100	1.0346e-38
1022.200	9.3618e-39
1022.300	8.4709e-39
1022.400	7.6648e-39
1022.500	6.9354e-39
1022.600	6.2754e-39
1022.700	5.6782e-39
1022.800	5.1378e-39
1022.900	4.6489e-39
1023.000	4.2065e-39
1023.100	3.8062e-39
1023.200	3.4440e-39
1023.300	3.1163e-39
1023.400	2.8197e-39
1023.500	2.5514e-39
1023.600	2.3086e-39
1023.700	2.0889e-39
1023.800	1.8901e-39
1023.900	1.7102e-39
1024.000	1.5475e-39
1024.100	1.4002e-39
1024.200	1.2670e-39
1024.300	1.1464e-39
1024.400	1.0373e-39
1024.500	9.3860e-40
1024.600	8.4928e-40
1024.700	7.6846e-40
1024.800	6.9533e-40
1024.900	6.2916e-40
1025.000	5.6929e-40
1025.100	5.1511e-40
1025.200	4.6609e-40
1025.300	4.2174e-40
1025.400	3.8161e-40
1025.500	3.4529e-40
1025.600	3.1243e-40
1025.700	2.8270e-40
1025.800	2.5580e-40
1025.900	2.3146e-40
1026.000	2.0943e-40
1026.100	1.8950e-40
1026.200	1.7147e-40
1026.300	1.5515e-40
1026.400	1.4038e-40
1026.500	1.2703e-40
1026.600	1.1494e-40
1026.700	1.0400e-40
1026.800	9.4103e-41
1026.900	8.5148e-41
1027.000	7.7045e-41
1027.100	6.9713e-41
1027.200	6.3079e-41
1027.300	5.7076e-41
1027.400	5.1645e-41
1027.500	4.6730e-41
1027.600	4.2283e-41
1027.700	3.8259e-41
1027.800	3.4618e-41
1027.900	3.1324e-41
1028.000	2.8343e-41
1028.100	2.5646e-41
1028.200	2.3205e-41
1028.300	2.0997e-41
1028.400	1.8999e-41
1028.500	1.7191e-41
1028.600	1.5555e-41
1028.700	1.4075e-41
1028.800	1.2735e-41
1028.900	1.1523e-41
1029.000	1.0427e-41
1029.100	9.4346e-42
1029.200	8.5368e-42
1029.300	7.7244e-42
1029.400	6.9894e-42
1029.500	6.3242e-42
1029.600	5.7224e-42
1029.700	5.1778e-42
1029.800	4.6851e-42
1029.900	4.2393e-42
1030.000	3.8358e-42
1030.100	3.4708e-42
1030.200	3.1405e-42
1030.300	2.8417e-42
1030.400	2.5712e-42
1030.500	2.3266e-42
1030.600	2.1052e-42
1030.700	1.9048e-42
1030.800	1.7236e-42
1030.900	1.5595e-42
1031.000	1.4111e-42
1031.100	1.2768e-42
1031.200	1.1553e-42
1031.300	1.0454e-42
1031.400	9.4591e-43
1031.500	8.5589e-43
1031.600	7.7444e-43
1031.700	7.0074e-43
1031.800	6.3406e-43
1031.900	5.7372e-43
1032.000	5.1912e-43
1032.100	4.6972e-43
1032.200	4.2502e-43
1032.300	3.8458e-43
1032.400	3.4798e-43
1032.500	3.1486e-43
1032.600	2.8490e-43
1032.700	2.5779e-43
1032.800	2.3326e-43
1032.900	2.1106e-43
1033.000	1.9098e-43
1033.100	1.7280e-43
1033.200	1.5636e-43
1033.300	1.4148e-43
1033.400	1.2801e-43
1033.500	1.1583e-43
1033.600	1.0481e-43
1033.700	9.4835e-44
1033.800	8.5811e-44
1033.900	7.7645e-44
1034.000	7.0256e-44
1034.100	6.3570e-44
1034.200	5.7521e-44
1034.300	5.2047e-44
1034.400	4.7094e-44
1034.500	4.2612e-44
1034.600	3.8557e-44
1034.700	3.4888e-44
1034.800	3.1568e-44
1034.900	2.8564e-44
1035.000	2.5846e-44
1035.100	2.3386e-44
1035.200	2.1161e-44
1035.300	1.9147e-44
1035.400	1.7325e-44
1035.500	1.5676e-44
1035.600	1.4184e-44
1035.700	1.2835e-44
1035.800	1.1613e-44
1035.900	1.0508e-44
1036.000	9.5081e-45
1036.100	8.6033e-45
1036.200	7.7846e-45
1036.300	7.0438e-45
1036.400	6.3735e-45
1036.500	5.7669e-45
1036.600	5.2182e-45
1036.700	4.7216e-45
1036.800	4.2723e-45
1036.900	3.8657e-45
1037.000	3.4978e-45
1037.100	3.1650e-45
1037.200	2.8638e-45
1037.300	2.5913e-45
1037.400	2.3447e-45
1037.500	2.1215e-45
1037.600	1.9197e-45
1037.700	1.7370e-45
1037.800	1.5717e-45
1037.900	1.4221e-45
1038.000	1.2868e-45
1038.100	1.1643e-45
1038.200	1.0535e-45
1038.300	9.5327e-46
1038.400	8.6255e-46
1038.500	7.8047e-46
1038.600	7.0620e-46
1038.700	6.3900e-46
1038.800	5.7819e-46
1038.900	5.2317e-46
1039.000	4.7338e-46
1039.100	4.2833e-46
1039.200	3.8757e-46
1039.300	3.5069e-46
1039.400	3.1732e-46
1039.500	2.8712e-46
1039.600	2.5980e-46
1039.700	2.3507e-46
1039.800	2.1270e-46
1039.900	1.9246e-46
1040.000	1.7415e-46
1040.100	1.5757e-46
1040.200	1.4258e-46
1040.300	1.2901e-46
1040.400	1.1673e-46
1040.500	1.0563e-46
1040.600	9.5574e-47
1040.700	8.6479e-47
1040.800	7.8249e-47
1040.900	7.0803e-47
1041.000	6.4065e-47
1041.100	5.7968e-47
1041.200	5.2452e-47
1041.300	4.7461e-47
1041.400	4.2944e-47
1041.500	3.8857e-47
1041.600	3.5160e-47
1041.700	3.1814e-47
1041.800	2.8786e-47
1041.900	2.6047e-47
1042.000	2.3568e-47
1042.100	2.1325e-47
1042.200	1.9296e-47
1042.300	1.7460e-47
1042.400	1.5798e-47
1042.500	1.4295e-47
1042.600	1.2935e-47
1042.700	1.1704e-47
1042.800	1.0590e-47
1042.900	9.5821e-48
1043.000	8.6703e-48
1043.100	7.8452e-48
1043.200	7.0986e-48
1043.300	6.4231e-48
1043.400	5.8118e-48
1043.500	5.2588e-48
1043.600	4.7583e-48
1043.700	4.3055e-48
1043.800	3.8958e-48
1043.900	3.5251e-48
1044.000	3.1896e-48
1044.100	2.8861e-48
1044.200	2.6114e-48
1044.300	2.3629e-48
1044.400	2.1381e-48
1044.500	1.9346e-48
1044.600	1.7505e-48
1044.700	1.5839e-48
1044.800	1.4332e-48
1044.900	1.2968e-48
1045.000	1.1734e-48
1045.100	1.0617e-48
1045.200	9.6069e-49
1045.300	8.6927e-49
1045.400	7.8655e-49
1045.500	7.1170e-49
1045.600	6.4397e-49
1045.700	5.8269e-49
1045.800	5.2724e-49
1045.900	4.7707e-49
1046.000	4.3167e-49
1046.100	3.9059e-49
1046.200	3.5342e-49
1046.300	3.1979e-49
1046.400	2.8935e-49
1046.500	2.6182e-49
1046.600	2.3690e-49
1046.700	2.1436e-49
1046.800	1.9396e-49
1046.900	1.7550e-49
1047.000	1.5880e-49
1047.100	1.4369e-49
1047.200	1.3002e-49
1047.300	1.1764e-49
1047.400	1.0645e-49
1047.500	9.6318e-50
1047.600	8.7152e-50
1047.700	7.8858e-50
1047.800	7.1354e-50
1047.900	6.4564e-50
1048.000	5.8420e-50
1048.100	5.2860e-50
1048.200	4.7830e-50
1048.300	4.3278e-50
1048.400	3.9160e-50
1048.500	3.5433e-50
1048.600	3.2061e-50
1048.700	2.9010e-50
1048.800	2.6250e-50
1048.900	2.3752e-50
1049.000	2.1491e-50
1049.100	1.9446e-50
1049.200	1.7596e-50
1049.300	1.5921e-50
1049.400	1.4406e-50
1049.500	1.3035e-50
1049.600	1.1795e-50
1049.700	1.0672e-50
1049.800	9.6567e-51
1049.900	8.7378e-51
1050.000	7.9063e-51
1050.100	7.1539e-51
1050.200	6.4731e-51
1050.300	5.8571e-51
1050.400	5.2997e-51
1050.500	4.7954e-51
1050.600	4.3390e-51
1050.700	3.9261e-51
1050.800	3.5525e-51
1050.900	3.2144e-51
1051.000	2.9085e-51
1051.100	2.6318e-51
1051.200	2.3813e-51
1051.300	2.1547e-51
1051.400	1.9497e-51
1051.500	1.7641e-51
1051.600	1.5962e-51
1051.700	1.4443e-51
1051.800	1.3069e-51
1051.900	1.1825e-51
1052.000	1.0700e-51
1052.100	9.6817e-52
1052.200	8.7604e-52
1052.300	7.9267e-52
1052.400	7.1724e-52
1052.500	6.4898e-52
1052.600	5.8723e-52
1052.700	5.3134e-52
1052.800	4.8078e-52
1052.900	4.3503e-52
1053.000	3.9363e-52
1053.100	3.5617e-52
1053.200	3.2228e-52
1053.300	2.9161e-52
1053.400	2.6386e-52
1053.500	2.3875e-52
1053.600	2.1603e-52
1053.700	1.9547e-52
1053.800	1.7687e-52
1053.900	1.6004e-52
1054.000	1.4481e-52
1054.100	1.3103e-52
1054.200	1.1856e-52
1054.300	1.0728e-52
1054.400	9.7068e-53
1054.500	8.7831e-53
1054.600	7.9472e-53
1054.700	7.1910e-53
1054.800	6.5066e-53
1054.900	5.8875e-53
1055.000	5.3272e-53
1055.100	4.8202e-53
1055.200	4.3615e-53
1055.300	3.9465e-53
1055.400	3.5709e-53
1055.500	3.2311e-53
1055.600	2.9236e-53
1055.700	2.6454e-53
1055.800	2.3937e-53
1055.900	2.1659e-53
1056.000	1.9598e-53
1056.100	1.7733e-53
1056.200	1.6045e-53
1056.300	1.4518e-53
1056.400	1.3137e-53
1056.500	1.1887e-53
1056.600	1.0755e-53
1056.700	9.7319e-54
1056.800	8.8058e-54
1056.900	7.9678e-54
1057.000	7.2096e-54
1057.100	6.5235e-54
1057.200	5.9027e-54
1057.300	5.3410e-54
1057.400	4.8327e-54
1057.500	4.3728e-54
1057.600	3.9567e-54
1057.700	3.5802e-54
1057.800	3.2395e-54
1057.900	2.9312e-54
1058.000	2.6523e-54
1058.100	2.3999e-54
1058.200	2.1715e-54
1058.300	1.9648e-54
1058.400	1.7779e-54
1058.500	1.6087e-54
1058.600	1.4556e-54
1058.700	1.3171e-54
1058.800	1.1917e-54
1058.900	1.0783e-54
1059.000	9.7571e-55
1059.100	8.8286e-55
1059.200	7.9884e-55
1059.300	7.2282e-55
1059.400	6.5404e-55
1059.500	5.9180e-55
1059.600	5.3548e-55
1059.700	4.8452e-55
1059.800	4.3841e-55
1059.900	3.9669e-55
1060.000	3.5894e-55
1060.100	3.2479e-55
1060.200	2.9388e-55
1060.300	2.6591e-55
1060.400	2.4061e-55
1060.500	2.1771e-55
1060.600	1.9699e-55
1060.700	1.7825e-55
1060.800	1.6128e-55
1060.900	1.4594e-55
1061.000	1.3205e-55
1061.100	1.1948e-55
1061.200	1.0811e-55
1061.300	9.7823e-56
1061.400	8.8514e-56
1061.500	8.0091e-56
1061.600	7.2469e-56
1061.700	6.5573e-56
1061.800	5.9333e-56
1061.900	5.3687e-56
1062.000	4.8578e-56
1062.100	4.3955e-56
1062.200	3.9772e-56
1062.300	3.5987e-56
1062.400	3.2563e-56
1062.500	2.9464e-56
1062.600	2.6660e-56
1062.700	2.4123e-56
1062.800	2.1827e-56
1062.900	1.9750e-56
1063.000	1.7871e-56
1063.100	1.6170e-56
1063.200	1.4631e-56
1063.300	1.3239e-56
1063.400	1.1979e-56
1063.500	1.0839e-56
1063.600	9.8077e-57
1063.700	8.8743e-57
1063.800	8.0298e-57
1063.900	7.2657e-57
1064.000	6.5743e-57
1064.100	5.9487e-57
1064.200	5.3826e-57
1064.300	4.8703e-57
1064.400	4.4069e-57
1064.500	3.9875e-57
1064.600	3.6080e-57
1064.700	3.2647e-57
1064.800	2.9540e-57
1064.900	2.6729e-57
1065.000	2.4185e-57
1065.100	2.1884e-57
1065.200	1.9801e-57
1065.300	1.7917e-57
1065.400	1.6212e-57
1065.500	1.4669e-57
1065.600	1.3273e-57
1065.700	1.2010e-57
1065.800	1.0867e-57
1065.900	9.8331e-58
1066.000	8.8973e-58
1066.100	8.0506e-58
1066.200	7.2845e-58
1066.300	6.5913e-58
1066.400	5.9640e-58
1066.500	5.3965e-58
1066.600	4.8829e-58
1066.700	4.4183e-58
1066.800	3.9978e-58
1066.900	3.6174e-58
1067.000	3.2731e-58
1067.100	2.9617e-58
1067.200	2.6798e-58
1067.300	2.4248e-58
1067.400	2.1941e-58
1067.500	1.9853e-58
1067.600	1.7963e-58
1067.700	1.6254e-58
1067.800	1.4707e-58
1067.900	1.3308e-58
1068.000	1.2041e-58
1068.100	1.0895e-58
1068.200	9.8585e-59
1068.300	8.9203e-59
1068.400	8.0715e-59
1068.500	7.3034e-59
1068.600	6.6084e-59
1068.700	5.9795e-59
1068.800	5.4105e-59
1068.900	4.8956e-59
1069.000	4.4297e-59
1069.100	4.0082e-59
1069.200	3.6267e-59
1069.300	3.2816e-59
1069.400	2.9693e-59
1069.500	2.6868e-59
1069.600	2.4311e-59
1069.700	2.1997e-59
1069.800	1.9904e-59
1069.900	1.8010e-59
1070.000	1.6296e-59
1070.100	1.4745e-59
1070.200	1.3342e-59
1070.300	1.2072e-59
1070.400	1.0924e-59
1070.500	9.8840e-60
1070.600	8.9434e-60
1070.700	8.0924e-60
1070.800	7.3223e-60
1070.900	6.6255e-60
1071.000	5.9950e-60
1071.100	5.4245e-60
1071.200	4.9083e-60
1071.300	4.4412e-60
1071.400	4.0185e-60
1071.500	3.6361e-60
1071.600	3.2901e-60
1071.700	2.9770e-60
1071.800	2.6937e-60
1071.900	2.4374e-60
1072.000	2.2054e-60
1072.100	1.9955e-60
1072.200	1.8056e-60
1072.300	1.6338e-60
1072.400	1.4783e-60
1072.500	1.3377e-60
1072.600	1.2104e-60
1072.700	1.0952e-60
1072.800	9.9096e-61
1072.900	8.9666e-61
1073.000	8.1133e-61
1073.100	7.3412e-61
1073.200	6.6426e-61
1073.300	6.0105e-61
1073.400	5.4385e-61
1073.500	4.9210e-61
1073.600	4.4527e-61
1073.700	4.0289e-61
1073.800	3.6455e-61
1073.900	3.2986e-61
1074.000	2.9847e-61
1074.100	2.7007e-61
1074.200	2.4437e-61
1074.300	2.2111e-61
1074.400	2.0007e-61
1074.500	1.8103e-61
1074.600	1.6380e-61
1074.700	1.4822e-61
1074.800	1.3411e-61
1074.900	1.2135e-61
1075.000	1.0980e-61
1075.100	9.9353e-62
1075.200	8.9898e-62
1075.300	8.1343e-62
1075.400	7.3602e-62
1075.500	6.6598e-62
1075.600	6.0260e-62
1075.700	5.4526e-62
1075.800	4.9337e-62
1075.900	4.4642e-62
1076.000	4.0394e-62
1076.100	3.6550e-62
1076.200	3.3072e-62
1076.300	2.9924e-62
1076.400	2.7077e-62
1076.500	2.4500e-62
1076.600	2.2169e-62
1076.700	2.0059e-62
1076.800	1.8150e-62
1076.900	1.6423e-62
1077.000	1.4860e-62
1077.100	1.3446e-62
1077.200	1.2166e-62
1077.300	1.1009e-62
1077.400	9.9610e-63
1077.500	9.0131e-63
1077.600	8.1554e-63
1077.700	7.3793e-63
1077.800	6.6770e-63
1077.900	6.0416e-63
1078.000	5.4667e-63
1078.100	4.9465e-63
1078.200	4.4758e-63
1078.300	4.0498e-63
1078.400	3.6644e-63
1078.500	3.3157e-63
1078.600	3.0002e-63
1078.700	2.7147e-63
1078.800	2.4563e-63
1078.900	2.2226e-63
1079.000	2.0111e-63
1079.100	1.8197e-63
1079.200	1.6465e-63
1079.300	1.4898e-63
1079.400	1.3481e-63
1079.500	1.2198e-63
1079.600	1.1037e-63
1079.700	9.9868e-64
1079.800	9.0364e-64
1079.900	8.1765e-64
1080.000	7.3984e-64
1080.100	6.6943e-64
1080.200	6.0573e-64
1080.300	5.4808e-64
1080.400	4.9593e-64
1080.500	4.4873e-64
1080.600	4.0603e-64
1080.700	3.6739e-64
1080.800	3.3243e-64
1080.900	3.0080e-64
1081.000	2.7217e-64
1081.100	2.4627e-64
1081.200	2.2283e-64
1081.300	2.0163e-64
1081.400	1.8244e-64
1081.500	1.6508e-64
1081.600	1.4937e-64
1081.700	1.3516e-64
1081.800	1.2229e-64
1081.900	1.1066e-64
1082.000	1.0013e-64
1082.100	9.0598e-65
1082.200	8.1976e-65
1082.300	7.4175e-65
1082.400	6.7117e-65
1082.500	6.0730e-65
1082.600	5.4950e-65
1082.700	4.9721e-65
1082.800	4.4990e-65
1082.900	4.0708e-65
1083.000	3.6834e-65
1083.100	3.3329e-65
1083.200	3.0157e-65
1083.300	2.7288e-65
1083.400	2.4691e-65
1083.500	2.2341e-65
1083.600	2.0215e-65
1083.700	1.8291e-65
1083.800	1.6551e-65
1083.900	1.4976e-65
1084.000	1.3551e-65
1084.100	1.2261e-65
1084.200	1.1094e-65
1084.300	1.0039e-65
1084.400	9.0832e-66
1084.500	8.2188e-66
1084.600	7.4367e-66
1084.700	6.7290e-66
1084.800	6.0887e-66
1084.900	5.5093e-66
1085.000	4.9850e-66
1085.100	4.5106e-66
1085.200	4.0814e-66
1085.300	3.6930e-66
1085.400	3.3415e-66
1085.500	3.0235e-66
1085.600	2.7358e-66
1085.700	2.4755e-66
1085.800	2.2399e-66
1085.900	2.0267e-66
1086.000	1.8339e-66
1086.100	1.6594e-66
1086.200	1.5014e-66
1086.300	1.3586e-66
1086.400	1.2293e-66
1086.500	1.1123e-66
1086.600	1.0065e-66
1086.700	9.1067e-67
1086.800	8.2401e-67
1086.900	7.4560e-67
1087.000	6.7464e-67
1087.100	6.1044e-67
1087.200	5.5235e-67
1087.300	4.9979e-67
1087.400	4.5223e-67
1087.500	4.0919e-67
1087.600	3.7025e-67
1087.700	3.3502e-67
1087.800	3.0314e-67
1087.900	2.7429e-67
1088.000	2.4819e-67
1088.100	2.2457e-67
1088.200	2.0320e-67
1088.300	1.8386e-67
1088.400	1.6637e-67
1088.500	1.5053e-67
1088.600	1.3621e-67
1088.700	1.2325e-67
1088.800	1.1152e-67
1088.900	1.0091e-67
1089.000	9.1303e-68
1089.100	8.2615e-68
1089.200	7.4753e-68
1089.300	6.7639e-68
1089.400	6.1202e-68
1089.500	5.5378e-68
1089.600	5.0108e-68
1089.700	4.5340e-68
1089.800	4.1025e-68
1089.900	3.7121e-68
1090.000	3.3589e-68
1090.100	3.0392e-68
1090.200	2.7500e-68
1090.300	2.4883e-68
1090.400	2.2515e-68
1090.500	2.0372e-68
1090.600	1.8434e-68
1090.700	1.6680e-68
1090.800	1.5092e-68
1090.900	1.3656e-68
1091.000	1.2357e-68
1091.100	1.1181e-68
1091.200	1.0117e-68
1091.300	9.1539e-69
1091.400	8.2828e-69
1091.500	7.4946e-69
1091.600	6.7814e-69
1091.700	6.1361e-69
1091.800	5.5522e-69
1091.900	5.0238e-69
1092.000	4.5457e-69
1092.100	4.1131e-69
1092.200	3.7217e-69
1092.300	3.3675e-69
1092.400	3.0471e-69
1092.500	2.7571e-69
1092.600	2.4947e-69
1092.700	2.2573e-69
1092.800	2.0425e-69
1092.900	1.8482e-69
1093.000	1.6723e-69
1093.100	1.5131e-69
1093.200	1.3691e-69
1093.300	1.2389e-69
1093.400	1.1210e-69
1093.500	1.0143e-69
1093.600	9.1776e-70
1093.700	8.3043e-70
1093.800	7.5140e-70
1093.900	6.7990e-70
1094.000	6.1520e-70
1094.100	5.5665e-70
1094.200	5.0368e-70
1094.300	4.5575e-70
1094.400	4.1238e-70
1094.500	3.7314e-70
1094.600	3.3763e-70
1094.700	3.0550e-70
1094.800	2.7643e-70
1094.900	2.5012e-70
1095.000	2.2632e-70
1095.100	2.0478e-70
1095.200	1.8529e-70
1095.300	1.6766e-70
1095.400	1.5171e-70
1095.500	1.3727e-70
1095.600	1.2421e-70
1095.700	1.1239e-70
1095.800	1.0169e-70
1095.900	9.2014e-71
1096.000	8.3258e-71
1096.100	7.5335e-71
1096.200	6.8166e-71
1096.300	6.1679e-71
1096.400	5.5809e-71
1096.500	5.0498e-71
1096.600	4.5693e-71
1096.700	4.1345e-71
1096.800	3.7410e-71
1096.900	3.3850e-71
1097.000	3.0629e-71
1097.100	2.7714e-71
1097.200	2.5077e-71
1097.300	2.2690e-71
1097.400	2.0531e-71
1097.500	1.8577e-71
1097.600	1.6809e-71
1097.700	1.5210e-71
1097.800	1.3762e-71
1097.900	1.2453e-71
1098.000	1.1268e-71
1098.100	1.0195e-71
1098.200	9.2252e-72
1098.300	8.3473e-72
1098.400	7.5530e-72
1098.500	6.8342e-72
1098.600	6.1838e-72
1098.700	5.5954e-72
1098.800	5.0629e-72
1098.900	4.5811e-72
1099.000	4.1452e-72
1099.100	3.7507e-72
1099.200	3.3938e-72
1099.300	3.0708e-72
1099.400	2.7786e-72
1099.500	2.5142e-72
1099.600	2.2749e-72
1099.700	2.0584e-72
1099.800	1.8625e-72
1099.900	1.6853e-72
1100.000	1.5249e-72
1100.100	1.3798e-72
1100.200	1.2485e-72
1100.300	1.1297e-72
1100.400	1.0222e-72
1100.500	9.2491e-73
1100.600	8.3689e-73
1100.700	7.5725e-73
1100.800	6.8519e-73
1100.900	6.1999e-73
1101.000	5.6099e-73
1101.100	5.0760e-73
1101.200	4.5930e-73
1101.300	4.1559e-73
1101.400	3.7604e-73
1101.500	3.4026e-73
1101.600	3.0788e-73
1101.700	2.7858e-73
1101.800	2.5207e-73
1101.900	2.2808e-73
1102.000	2.0638e-73
1102.100	1.8674e-73
1102.200	1.6897e-73
1102.300	1.5289e-73
1102.400	1.3834e-73
1102.500	1.2517e-73
1102.600	1.1326e-73
1102.700	1.0248e-73
1102.800	9.2730e-74
1102.900	8.3906e-74
1103.000	7.5921e-74
1103.100	6.8696e-74
1103.200	6.2159e-74
1103.300	5.6244e-74
1103.400	5.0892e-74
1103.500	4.6049e-74
1103.600	4.1666e-74
1103.700	3.7701e-74
1103.800	3.4114e-74
1103.900	3.0867e-74
1104.000	2.7930e-74
1104.100	2.5272e-74
1104.200	2.2867e-74
1104.300	2.0691e-74
1104.400	1.8722e-74
1104.500	1.6940e-74
1104.600	1.5328e-74
1104.700	1.3870e-74
1104.800	1.2550e-74
1104.900	1.1355e-74
1105.000	1.0275e-74
1105.100	9.2970e-75
1105.200	8.4123e-75
1105.300	7.6118e-75
1105.400	6.8874e-75
1105.500	6.2320e-75
1105.600	5.6389e-75
1105.700	5.1023e-75
1105.800	4.6168e-75
1105.900	4.1774e-75
1106.000	3.7799e-75
1106.100	3.4202e-75
1106.200	3.0947e-75
1106.300	2.8002e-75
1106.400	2.5337e-75
1106.500	2.2926e-75
1106.600	2.0744e-75
1106.700	1.8770e-75
1106.800	1.6984e-75
1106.900	1.5368e-75
1107.000	1.3905e-75
1107.100	1.2582e-75
1107.200	1.1385e-75
1107.300	1.0301e-75
1107.400	9.3211e-76
1107.500	8.4341e-76
1107.600	7.6315e-76
1107.700	6.9052e-76
1107.800	6.2481e-76
1107.900	5.6535e-76
1108.000	5.1155e-76
1108.100	4.6287e-76
1108.200	4.1882e-76
1108.300	3.7897e-76
1108.400	3.4290e-76
1108.500	3.1027e-76
1108.600	2.8075e-76
1108.700	2.5403e-76
1108.800	2.2986e-76
1108.900	2.0798e-76
1109.000	1.8819e-76
1109.100	1.7028e-76
1109.200	1.5408e-76
1109.300	1.3941e-76
1109.400	1.2615e-76
1109.500	1.1414e-76
1109.600	1.0328e-76
1109.700	9.3452e-77
1109.800	8.4559e-77
1109.900	7.6512e-77
1110.000	6.9231e-77
