880.000	1.9728e-23
880.100	1.9807e-23
880.200	1.9887e-23
880.300	1.9966e-23
880.400	2.0046e-23
880.500	2.0127e-23
880.600	2.0207e-23
880.700	2.0288e-23
880.800	2.0370e-23
880.900	2.0451e-23
881.000	2.0533e-23
881.100	2.0615e-23
881.200	2.0698e-23
881.300	2.0781e-23
881.400	2.0864e-23
881.500	2.0948e-23
881.600	2.1032e-23
881.700	2.1116e-23
881.800	2.1201e-23
881.900	2.1286e-23
882.000	2.1371e-23
882.100	2.1457e-23
882.200	2.1543e-23
882.300	2.1629e-23
882.400	2.1716e-23
882.500	2.1803e-23
882.600	2.1890e-23
882.700	2.1978e-23
882.800	2.2066e-23
882.900	2.2155e-23
883.000	2.2243e-23
883.100	2.2332e-23
883.200	2.2422e-23
883.300	2.2512e-23
883.400	2.2602e-23
883.500	2.2693e-23
883.600	2.2784e-23
883.700	2.2875e-23
883.800	2.2967e-23
883.900	2.3059e-23
884.000	2.3151e-23
884.100	2.3244e-23
884.200	2.3337e-23
884.300	2.3431e-23
884.400	2.3525e-23
884.500	2.3619e-23
884.600	2.3713e-23
884.700	2.3809e-23
884.800	2.3904e-23
884.900	2.4000e-23
885.000	2.4096e-23
885.100	2.4193e-23
885.200	2.4289e-23
885.300	2.4387e-23
885.400	2.4485e-23
885.500	2.4583e-23
885.600	2.4681e-23
885.700	2.4780e-23
885.800	2.4879e-23
885.900	2.4979e-23
886.000	2.5079e-23
886.100	2.5180e-23
886.200	2.5281e-23
886.300	2.5382e-23
886.400	2.5484e-23
886.500	2.5586e-23
886.600	2.5688e-23
886.700	2.5791e-23
886.800	2.5895e-23
886.900	2.5999e-23
887.000	2.6103e-23
887.100	2.6207e-23
887.200	2.6312e-23
887.300	2.6418e-23
887.400	2.6524e-23
887.500	2.6630e-23
887.600	2.6737e-23
887.700	2.6844e-23
887.800	2.6952e-23
887.900	2.7060e-23
888.000	2.7168e-23
888.100	2.7277e-23
888.200	2.7386e-23
888.300	2.7496e-23
888.400	2.7606e-23
888.500	2.7717e-23
888.600	2.7828e-23
888.700	2.7940e-23
888.800	2.8052e-23
888.900	2.8164e-23
889.000	2.8277e-23
889.100	2.8390e-23
889.200	2.8504e-23
889.300	2.8618e-23
889.400	2.8733e-23
889.500	2.8848e-23
889.600	2.8964e-23
889.700	2.9080e-23
889.800	2.9196e-23
889.900	2.9313e-23
890.000	2.9431e-23
890.100	2.9549e-23
890.200	2.9667e-23
890.300	2.9786e-23
890.400	2.9906e-23
890.500	3.0025e-23
890.600	3.0146e-23
890.700	3.0267e-23
890.800	3.0388e-23
890.900	3.0510e-23
891.000	3.0632e-23
891.100	3.0755e-23
891.200	3.0878e-23
891.300	3.1002e-23
891.400	3.1126e-23
891.500	3.1251e-23
891.600	3.1376e-23
891.700	3.1502e-23
891.800	3.1628e-23
891.900	3.1755e-23
892.000	3.1882e-23
892.100	3.2010e-23
892.200	3.2138e-23
892.300	3.2267e-23
892.400	3.2396e-23
892.500	3.2526e-23
892.600	3.2656e-23
892.700	3.2787e-23
892.800	3.2919e-23
892.900	3.3051e-23
893.000	3.3183e-23
893.100	3.3316e-23
893.200	3.3450e-23
893.300	3.3584e-23
893.400	3.3718e-23
893.500	3.3854e-23
893.600	3.3989e-23
893.700	3.4125e-23
893.800	3.4262e-23
893.900	3.4400e-23
894.000	3.4537e-23
894.100	3.4676e-23
894.200	3.4815e-23
894.300	3.4954e-23
894.400	3.5094e-23
894.500	3.5235e-23
894.600	3.5376e-23
894.700	3.5518e-23
894.800	3.5660e-23
894.900	3.5803e-23
895.000	3.5947e-23
895.100	3.6091e-23
895.200	3.6236e-23
895.300	3.6381e-23
895.400	3.6527e-23
895.500	3.6673e-23
895.600	3.6820e-23
895.700	3.6968e-23
895.800	3.7116e-23
895.900	3.7265e-23
896.000	3.7414e-23
896.100	3.7564e-23
896.200	3.7714e-23
896.300	3.7866e-23
896.400	3.8017e-23
896.500	3.8170e-23
896.600	3.8323e-23
896.700	3.8476e-23
896.800	3.8631e-23
896.900	3.8785e-23
897.000	3.8941e-23
897.100	3.9097e-23
897.200	3.9254e-23
897.300	3.9411e-23
897.400	3.9569e-23
897.500	3.9727e-23
897.600	3.9887e-23
897.700	4.0047e-23
897.800	4.0207e-23
897.900	4.0368e-23
898.000	4.0530e-23
898.100	4.0692e-23
898.200	4.0856e-23
898.300	4.1019e-23
898.400	4.1184e-23
898.500	4.1349e-23
898.600	4.1515e-23
898.700	4.1681e-23
898.800	4.1848e-23
898.900	4.2016e-23
899.000	4.2184e-23
899.100	4.2353e-23
899.200	4.2523e-23
899.300	4.2693e-23
899.400	4.2864e-23
899.500	4.3036e-23
899.600	4.3209e-23
899.700	4.3382e-23
899.800	4.3556e-23
899.900	4.3730e-23
900.000	4.3906e-23
900.100	4.4082e-23
900.200	4.4258e-23
900.300	4.4436e-23
900.400	4.4614e-23
900.500	4.4793e-23
900.600	4.4972e-23
900.700	4.5152e-23
900.800	4.5333e-23
900.900	4.5515e-23
901.000	4.5697e-23
901.100	4.5881e-23
901.200	4.6065e-23
901.300	4.6249e-23
901.400	4.6435e-23
901.500	4.6621e-23
901.600	4.6807e-23
901.700	4.6995e-23
901.800	4.7183e-23
901.900	4.7373e-23
902.000	4.7562e-23
902.100	4.7753e-23
902.200	4.7944e-23
902.300	4.8137e-23
902.400	4.8330e-23
902.500	4.8523e-23
902.600	4.8718e-23
902.700	4.8913e-23
902.800	4.9109e-23
902.900	4.9306e-23
903.000	4.9503e-23
903.100	4.9702e-23
903.200	4.9901e-23
903.300	5.0101e-23
903.400	5.0302e-23
903.500	5.0504e-23
903.600	5.0706e-23
903.700	5.0909e-23
903.800	5.1113e-23
903.900	5.1318e-23
904.000	5.1524e-23
904.100	5.1730e-23
904.200	5.1938e-23
904.300	5.2146e-23
904.400	5.2355e-23
904.500	5.2565e-23
904.600	5.2775e-23
904.700	5.2987e-23
904.800	5.3199e-23
904.900	5.3412e-23
905.000	5.3626e-23
905.100	5.3841e-23
905.200	5.4057e-23
905.300	5.4274e-23
905.400	5.4491e-23
905.500	5.4710e-23
905.600	5.4929e-23
905.700	5.5149e-23
905.800	5.5370e-23
905.900	5.5592e-23
906.000	5.5815e-23
906.100	5.6039e-23
906.200	5.6263e-23
906.300	5.6489e-23
906.400	5.6715e-23
906.500	5.6943e-23
906.600	5.7171e-23
906.700	5.7400e-23
906.800	5.7630e-23
906.900	5.7861e-23
907.000	5.8093e-23
907.100	5.8326e-23
907.200	5.8559e-23
907.300	5.8794e-23
907.400	5.9030e-23
907.500	5.9266e-23
907.600	5.9504e-23
907.700	5.9742e-23
907.800	5.9982e-23
907.900	6.0222e-23
908.000	6.0464e-23
908.100	6.0706e-23
908.200	6.0949e-23
908.300	6.1194e-23
908.400	6.1439e-23
908.500	6.1685e-23
908.600	6.1932e-23
908.700	6.2181e-23
908.800	6.2430e-23
908.900	6.2680e-23
909.000	6.2931e-23
909.100	6.3183e-23
909.200	6.3437e-23
909.300	6.3691e-23
909.400	6.3946e-23
909.500	6.4203e-23
909.600	6.4460e-23
909.700	6.4718e-23
909.800	6.4978e-23
909.900	6.5238e-23
910.000	6.5500e-23
910.100	6.5762e-23
910.200	6.6026e-23
910.300	6.6290e-23
910.400	6.6556e-23
910.500	6.6823e-23
910.600	6.7091e-23
910.700	6.7359e-23
910.800	6.7629e-23
910.900	6.7900e-23
911.000	6.8173e-23
911.100	6.8446e-23
911.200	6.8720e-23
911.300	6.8996e-23
911.400	6.9272e-23
911.500	6.9550e-23
911.600	6.9829e-23
911.700	7.0108e-23
911.800	7.0389e-23
911.900	7.0672e-23
912.000	7.0955e-23
912.100	7.1239e-23
912.200	7.1525e-23
912.300	7.1811e-23
912.400	7.2099e-23
912.500	7.2388e-23
912.600	7.2678e-23
912.700	7.2970e-23
912.800	7.3262e-23
912.900	7.3556e-23
913.000	7.3851e-23
913.100	7.4147e-23
913.200	7.4444e-23
913.300	7.4742e-23
913.400	7.5042e-23
913.500	7.5342e-23
913.600	7.5644e-23
913.700	7.5948e-23
913.800	7.6252e-23
913.900	7.6558e-23
914.000	7.6864e-23
914.100	7.7172e-23
914.200	7.7482e-23
914.300	7.7792e-23
914.400	7.8104e-23
914.500	7.8417e-23
914.600	7.8731e-23
914.700	7.9047e-23
914.800	7.9364e-23
914.900	7.9682e-23
915.000	8.0001e-23
915.100	8.0322e-23
915.200	8.0644e-23
915.300	8.0967e-23
915.400	8.1292e-23
915.500	8.1617e-23
915.600	8.1945e-23
915.700	8.2273e-23
915.800	8.2603e-23
915.900	8.2934e-23
916.000	8.3266e-23
916.100	8.3600e-23
916.200	8.3935e-23
916.300	8.4271e-23
916.400	8.4609e-23
916.500	8.4948e-23
916.600	8.5289e-23
916.700	8.5631e-23
916.800	8.5974e-23
916.900	8.6318e-23
917.000	8.6664e-23
917.100	8.7012e-23
917.200	8.7360e-23
917.300	8.7711e-23
917.400	8.8062e-23
917.500	8.8415e-23
917.600	8.8769e-23
917.700	8.9125e-23
917.800	8.9482e-23
917.900	8.9841e-23
918.000	9.0201e-23
918.100	9.0563e-23
918.200	9.0926e-23
918.300	9.1290e-23
918.400	9.1656e-23
918.500	9.2023e-23
918.600	9.2392e-23
918.700	9.2763e-23
918.800	9.3134e-23
918.900	9.3508e-23
919.000	9.3882e-23
919.100	9.4259e-23
919.200	9.4636e-23
919.300	9.5016e-23
919.400	9.5397e-23
919.500	9.5779e-23
919.600	9.6163e-23
919.700	9.6548e-23
919.800	9.6935e-23
919.900	9.7324e-23
920.000	9.7714e-23
920.100	9.8105e-23
920.200	9.8499e-23
920.300	9.8893e-23
920.400	9.9290e-23
920.500	9.9688e-23
920.600	1.0009e-22
920.700	1.0049e-22
920.800	1.0089e-22
920.900	1.0130e-22
921.000	1.0170e-22
921.100	1.0211e-22
921.200	1.0252e-22
921.300	1.0293e-22
921.400	1.0334e-22
921.500	1.0376e-22
921.600	1.0417e-22
921.700	1.0459e-22
921.800	1.0501e-22
921.900	1.0543e-22
922.000	1.0585e-22
922.100	1.0628e-22
922.200	1.0670e-22
922.300	1.0713e-22
922.400	1.0756e-22
922.500	1.0799e-22
922.600	1.0842e-22
922.700	1.0886e-22
922.800	1.0929e-22
922.900	1.0973e-22
923.000	1.1017e-22
923.100	1.1061e-22
923.200	1.1106e-22
923.300	1.1150e-22
923.400	1.1151e-22
923.500	1.1151e-22
923.600	1.1151e-22
923.700	1.1151e-22
923.800	1.1151e-22
923.900	1.1151e-22
924.000	1.1151e-22
924.100	1.1151e-22
924.200	1.1151e-22
924.300	1.1151e-22
924.400	1.1151e-22
924.500	1.1151e-22
924.600	1.1151e-22
924.700	1.1151e-22
924.800	1.1151e-22
924.900	1.1151e-22
925.000	1.1151e-22
925.100	1.1151e-22
925.200	1.1151e-22
925.300	1.1151e-22
925.400	1.1151e-22
925.500	1.1151e-22
925.600	1.1151e-22
925.700	1.1151e-22
925.800	1.1151e-22
925.900	1.1151e-22
926.000	1.1151e-22
926.100	1.1151e-22
926.200	1.1151e-22
926.300	1.1151e-22
926.400	1.1151e-22
926.500	1.1151e-22
926.600	1.1151e-22
926.700	1.1151e-22
926.800	1.1151e-22
926.900	1.1151e-22
927.000	1.1151e-22
927.100	1.1151e-22
927.200	1.1178e-22
927.300	1.1294e-22
927.400	1.1477e-22
927.500	1.1805e-22
927.600	1.2134e-22
927.700	1.2475e-22
927.800	1.2691e-22
927.900	1.2820e-22
928.000	1.2866e-22
928.100	1.2866e-22
928.200	1.2866e-22
928.300	1.2866e-22
928.400	1.2866e-22
928.500	1.2866e-22
928.600	1.2866e-22
928.700	1.2866e-22
928.800	1.2866e-22
928.900	1.2866e-22
929.000	1.2866e-22
929.100	1.2866e-22
929.200	1.2866e-22
929.300	1.2866e-22
929.400	1.2866e-22
929.500	1.2866e-22
929.600	1.2866e-22
929.700	1.2866e-22
929.800	1.2866e-22
929.900	1.2866e-22
930.000	1.2866e-22
930.100	1.2866e-22
930.200	1.2866e-22
930.300	1.2866e-22
930.400	1.2866e-22
930.500	1.2866e-22
930.600	1.2866e-22
930.700	1.2866e-22
930.800	1.2866e-22
930.900	1.2866e-22
931.000	1.2873e-22
931.100	1.2963e-22
931.200	1.3112e-22
931.300	1.3401e-22
931.400	1.3739e-22
931.500	1.4081e-22
931.600	1.4354e-22
931.700	1.4498e-22
931.800	1.4579e-22
931.900	1.4582e-22
932.000	1.4582e-22
932.100	1.4582e-22
932.200	1.4582e-22
932.300	1.4582e-22
932.400	1.4582e-22
932.500	1.4582e-22
932.600	1.4582e-22
932.700	1.4582e-22
932.800	1.4582e-22
932.900	1.4582e-22
933.000	1.4582e-22
933.100	1.4582e-22
933.200	1.4582e-22
933.300	1.4582e-22
933.400	1.4582e-22
933.500	1.4582e-22
933.600	1.4582e-22
933.700	1.4582e-22
933.800	1.4582e-22
933.900	1.4582e-22
934.000	1.4582e-22
934.100	1.4582e-22
934.200	1.4591e-22
934.300	1.4685e-22
934.400	1.4838e-22
934.500	1.5135e-22
934.600	1.5471e-22
934.700	1.5813e-22
934.800	1.6078e-22
934.900	1.6219e-22
935.000	1.6296e-22
935.100	1.6297e-22
935.200	1.6297e-22
935.300	1.6297e-22
935.400	1.6297e-22
935.500	1.6297e-22
935.600	1.6297e-22
935.700	1.6297e-22
935.800	1.6297e-22
935.900	1.6297e-22
936.000	1.6297e-22
936.100	1.6297e-22
936.200	1.6297e-22
936.300	1.6297e-22
936.400	1.6297e-22
936.500	1.6297e-22
936.600	1.6297e-22
936.700	1.6297e-22
936.800	1.6297e-22
936.900	1.6297e-22
937.000	1.6297e-22
937.100	1.6297e-22
937.200	1.6316e-22
937.300	1.6425e-22
937.400	1.6596e-22
937.500	1.6914e-22
937.600	1.7245e-22
937.700	1.7588e-22
937.800	1.7821e-22
937.900	1.7955e-22
938.000	1.8013e-22
938.100	1.8013e-22
938.200	1.8013e-22
938.300	1.8013e-22
938.400	1.8013e-22
938.500	1.8049e-22
938.600	1.8172e-22
938.700	1.8371e-22
938.800	1.8707e-22
938.900	1.9036e-22
939.000	1.9371e-22
939.100	1.9569e-22
939.200	1.9692e-22
939.300	1.9728e-22
939.400	1.9728e-22
939.500	1.9729e-22
939.600	1.9801e-22
939.700	1.9940e-22
939.800	2.0196e-22
939.900	2.0540e-22
940.000	2.0874e-22
940.100	2.1177e-22
940.200	2.1334e-22
940.300	2.1433e-22
940.400	2.1444e-22
940.500	2.1444e-22
940.600	2.1458e-22
940.700	2.1561e-22
940.800	2.1723e-22
940.900	2.2033e-22
941.000	2.2365e-22
941.100	2.2709e-22
941.200	2.2956e-22
941.300	2.3093e-22
941.400	2.3159e-22
941.500	2.3159e-22
941.600	2.3159e-22
941.700	2.3159e-22
941.800	2.3159e-22
941.900	2.3189e-22
942.000	2.3307e-22
942.100	2.3495e-22
942.200	2.3826e-22
942.300	2.4155e-22
942.400	2.4495e-22
942.500	2.4704e-22
942.600	2.4832e-22
942.700	2.4875e-22
942.800	2.4875e-22
942.900	2.4875e-22
943.000	2.4943e-22
943.100	2.5076e-22
943.200	2.5251e-22
943.300	2.5471e-22
943.400	2.5674e-22
943.500	2.5875e-22
943.600	2.6077e-22
943.700	2.6278e-22
943.800	2.6476e-22
943.900	2.6668e-22
944.000	2.6905e-22
944.100	2.7212e-22
944.200	2.7529e-22
944.300	2.7873e-22
944.400	2.8110e-22
944.500	2.8245e-22
944.600	2.8306e-22
944.700	2.8306e-22
944.800	2.8306e-22
944.900	2.8352e-22
945.000	2.8480e-22
945.100	2.8694e-22
945.200	2.9035e-22
945.300	2.9365e-22
945.400	2.9693e-22
945.500	2.9877e-22
945.600	2.9994e-22
945.700	3.0021e-22
945.800	3.0021e-22
945.900	3.0021e-22
946.000	3.0021e-22
946.100	3.0022e-22
946.200	3.0091e-22
946.300	3.0229e-22
946.400	3.0480e-22
946.500	3.0824e-22
946.600	3.1158e-22
946.700	3.1464e-22
946.800	3.1608e-22
946.900	3.1697e-22
947.000	3.1790e-22
947.100	3.1884e-22
947.200	3.2020e-22
947.300	3.2230e-22
947.400	3.2442e-22
947.500	3.2643e-22
947.600	3.2845e-22
947.700	3.3065e-22
947.800	3.3244e-22
947.900	3.3352e-22
948.000	3.3444e-22
948.100	3.3533e-22
948.200	3.3636e-22
948.300	3.3857e-22
948.400	3.4199e-22
948.500	3.4529e-22
948.600	3.4853e-22
948.700	3.5021e-22
948.800	3.5113e-22
948.900	3.5205e-22
949.000	3.5293e-22
949.100	3.5432e-22
949.200	3.5733e-22
949.300	3.6067e-22
949.400	3.6386e-22
949.500	3.6670e-22
949.600	3.6873e-22
949.700	3.7069e-22
949.800	3.7344e-22
949.900	3.7663e-22
950.000	3.7992e-22
950.100	3.8307e-22
950.200	3.8462e-22
950.300	3.8552e-22
950.400	3.8644e-22
950.500	3.8733e-22
950.600	3.8881e-22
950.700	3.9182e-22
950.800	3.9537e-22
950.900	3.9938e-22
951.000	4.0353e-22
951.100	4.0772e-22
951.200	4.1160e-22
951.300	4.1491e-22
951.400	4.1775e-22
951.500	4.1988e-22
951.600	4.2178e-22
951.700	4.2439e-22
951.800	4.2756e-22
951.900	4.3069e-22
952.000	4.3382e-22
952.100	4.3629e-22
952.200	4.3816e-22
952.300	4.4042e-22
952.400	4.4346e-22
952.500	4.4660e-22
952.600	4.4979e-22
952.700	4.5260e-22
952.800	4.5459e-22
952.900	4.5658e-22
953.000	4.5928e-22
953.100	4.6249e-22
953.200	4.6622e-22
953.300	4.7040e-22
953.400	4.7445e-22
953.500	4.7848e-22
953.600	4.8250e-22
953.700	4.8653e-22
953.800	4.9056e-22
953.900	4.9459e-22
954.000	4.9861e-22
954.100	5.0264e-22
954.200	5.0667e-22
954.300	5.1069e-22
954.400	5.1472e-22
954.500	5.1890e-22
954.600	5.2283e-22
954.700	5.2604e-22
954.800	5.2894e-22
954.900	5.3188e-22
955.000	5.3486e-22
955.100	5.3852e-22
955.200	5.4277e-22
955.300	5.4630e-22
955.400	5.4925e-22
955.500	5.5220e-22
955.600	5.5510e-22
955.700	5.5839e-22
955.800	5.6240e-22
955.900	5.6655e-22
956.000	5.7058e-22
956.100	5.7461e-22
956.200	5.7863e-22
956.300	5.8266e-22
956.400	5.8669e-22
956.500	5.9071e-22
956.600	5.9474e-22
956.700	5.9877e-22
956.800	6.0280e-22
956.900	6.0682e-22
957.000	6.1085e-22
957.100	6.1488e-22
957.200	6.1890e-22
957.300	6.2293e-22
957.400	6.2696e-22
957.500	6.3099e-22
957.600	6.3501e-22
957.700	6.3892e-22
957.800	6.4304e-22
957.900	6.4777e-22
958.000	6.5299e-22
958.100	6.5885e-22
958.200	6.6507e-22
958.300	6.7046e-22
958.400	6.7539e-22
958.500	6.8039e-22
958.600	6.8542e-22
958.700	6.9049e-22
958.800	6.9567e-22
958.900	7.0030e-22
959.000	7.0410e-22
959.100	7.0844e-22
959.200	7.1436e-22
959.300	7.2069e-22
959.400	7.2704e-22
959.500	7.3288e-22
959.600	7.3707e-22
959.700	7.4090e-22
959.800	7.4607e-22
959.900	7.5237e-22
960.000	7.5961e-22
960.100	7.6793e-22
960.200	7.7619e-22
960.300	7.8449e-22
960.400	7.9171e-22
960.500	7.9799e-22
960.600	8.0314e-22
960.700	8.0696e-22
960.800	8.1117e-22
960.900	8.1679e-22
961.000	8.2337e-22
961.100	8.3097e-22
961.200	8.3940e-22
961.300	8.4822e-22
961.400	8.5743e-22
961.500	8.6660e-22
961.600	8.7571e-22
961.700	8.8412e-22
961.800	8.9199e-22
961.900	9.0042e-22
962.000	9.0945e-22
962.100	9.1895e-22
962.200	9.2904e-22
962.300	9.3920e-22
962.400	9.4914e-22
962.500	9.5938e-22
962.600	9.7000e-22
962.700	9.8151e-22
962.800	9.9481e-22
962.900	1.0094e-21
963.000	1.0249e-21
963.100	1.0413e-21
963.200	1.0580e-21
963.300	1.0751e-21
963.400	1.0933e-21
963.500	1.1125e-21
963.600	1.1322e-21
963.700	1.1524e-21
963.800	1.1726e-21
963.900	1.1926e-21
964.000	1.2130e-21
964.100	1.2342e-21
964.200	1.2553e-21
964.300	1.2761e-21
964.400	1.2957e-21
964.500	1.3129e-21
964.600	1.3285e-21
964.700	1.3425e-21
964.800	1.3553e-21
964.900	1.3672e-21
965.000	1.3782e-21
965.100	1.3884e-21
965.200	1.3978e-21
965.300	1.4050e-21
965.400	1.4107e-21
965.500	1.4136e-21
965.600	1.4149e-21
965.700	1.4153e-21
965.800	1.4153e-21
965.900	1.4153e-21
966.000	1.4153e-21
966.100	1.4153e-21
966.200	1.4153e-21
966.300	1.4153e-21
966.400	1.4153e-21
966.500	1.4153e-21
966.600	1.4155e-21
966.700	1.4167e-21
966.800	1.4184e-21
966.900	1.4215e-21
967.000	1.4253e-21
967.100	1.4303e-21
967.200	1.4358e-21
967.300	1.4419e-21
967.400	1.4480e-21
967.500	1.4539e-21
967.600	1.4601e-21
967.700	1.4668e-21
967.800	1.4741e-21
967.900	1.4818e-21
968.000	1.4900e-21
968.100	1.4986e-21
968.200	1.5077e-21
968.300	1.5174e-21
968.400	1.5276e-21
968.500	1.5377e-21
968.600	1.5478e-21
968.700	1.5578e-21
968.800	1.5679e-21
968.900	1.5780e-21
969.000	1.5879e-21
969.100	1.5981e-21
969.200	1.6091e-21
969.300	1.6203e-21
969.400	1.6314e-21
969.500	1.6424e-21
969.600	1.6535e-21
969.700	1.6646e-21
969.800	1.6758e-21
969.900	1.6871e-21
970.000	1.6970e-21
970.100	1.7058e-21
970.200	1.7151e-21
970.300	1.7250e-21
970.400	1.7357e-21
970.500	1.7475e-21
970.600	1.7603e-21
970.700	1.7741e-21
970.800	1.7886e-21
970.900	1.8037e-21
971.000	1.8189e-21
971.100	1.8331e-21
971.200	1.8470e-21
971.300	1.8618e-21
971.400	1.8771e-21
971.500	1.8921e-21
971.600	1.9071e-21
971.700	1.9227e-21
971.800	1.9389e-21
971.900	1.9551e-21
972.000	1.9712e-21
972.100	1.9873e-21
972.200	2.0030e-21
972.300	2.0197e-21
972.400	2.0387e-21
972.500	2.0581e-21
972.600	2.0762e-21
972.700	2.0943e-21
972.800	2.1136e-21
972.900	2.1340e-21
973.000	2.1562e-21
973.100	2.1798e-21
973.200	2.2023e-21
973.300	2.2241e-21
973.400	2.2475e-21
973.500	2.2725e-21
973.600	2.2989e-21
973.700	2.3271e-21
973.800	2.3558e-21
973.900	2.3847e-21
974.000	2.4144e-21
974.100	2.4452e-21
974.200	2.4768e-21
974.300	2.5087e-21
974.400	2.5411e-21
974.500	2.5739e-21
974.600	2.6072e-21
974.700	2.6417e-21
974.800	2.6771e-21
974.900	2.7128e-21
975.000	2.7490e-21
975.100	2.7860e-21
975.200	2.8239e-21
975.300	2.8636e-21
975.400	2.9056e-21
975.500	2.9488e-21
975.600	2.9926e-21
975.700	3.0376e-21
975.800	3.0841e-21
975.900	3.1321e-21
976.000	3.1821e-21
976.100	3.2329e-21
976.200	3.2811e-21
976.300	3.3280e-21
976.400	3.3750e-21
976.500	3.4220e-21
976.600	3.4714e-21
976.700	3.5232e-21
976.800	3.5744e-21
976.900	3.6249e-21
977.000	3.6748e-21
977.100	3.7237e-21
977.200	3.7735e-21
977.300	3.8254e-21
977.400	3.8784e-21
977.500	3.9326e-21
977.600	3.9872e-21
977.700	4.0409e-21
977.800	4.0941e-21
977.900	4.1470e-21
978.000	4.1994e-21
978.100	4.2503e-21
978.200	4.2998e-21
978.300	4.3466e-21
978.400	4.3910e-21
978.500	4.4338e-21
978.600	4.4755e-21
978.700	4.5157e-21
978.800	4.5546e-21
978.900	4.5917e-21
979.000	4.6275e-21
979.100	4.6603e-21
979.200	4.6938e-21
979.300	4.7169e-21
979.400	4.7171e-21
979.500	4.7149e-21
979.600	4.7113e-21
979.700	4.7064e-21
979.800	4.7002e-21
979.900	4.6931e-21
980.000	4.6850e-21
980.100	4.6761e-21
980.200	4.6667e-21
980.300	4.6567e-21
980.400	4.6465e-21
980.500	4.6360e-21
980.600	4.6255e-21
980.700	4.6151e-21
980.800	4.6049e-21
980.900	4.5952e-21
981.000	4.5860e-21
981.100	4.5770e-21
981.200	4.5682e-21
981.300	4.5592e-21
981.400	4.5501e-21
981.500	4.5405e-21
981.600	4.5303e-21
981.700	4.5192e-21
981.800	4.5072e-21
981.900	4.4941e-21
982.000	4.4796e-21
982.100	4.4635e-21
982.200	4.4457e-21
982.300	4.4261e-21
982.400	4.4043e-21
982.500	4.3803e-21
982.600	4.3539e-21
982.700	4.3248e-21
982.800	4.2685e-21
982.900	4.1698e-21
983.000	4.0983e-21
983.100	4.0415e-21
983.200	4.0164e-21
983.300	4.0004e-21
983.400	3.9870e-21
983.500	3.9759e-21
983.600	3.9666e-21
983.700	3.9590e-21
983.800	3.9527e-21
983.900	3.9474e-21
984.000	3.9428e-21
984.100	3.9385e-21
984.200	3.9344e-21
984.300	3.9301e-21
984.400	3.9252e-21
984.500	3.9194e-21
984.600	3.9125e-21
984.700	3.9042e-21
984.800	3.8941e-21
984.900	3.8819e-21
985.000	3.8673e-21
985.100	3.8469e-21
985.200	3.7952e-21
985.300	3.7609e-21
985.400	3.7515e-21
985.500	3.7436e-21
985.600	3.7337e-21
985.700	3.7235e-21
985.800	3.7134e-21
985.900	3.7033e-21
986.000	3.6934e-21
986.100	3.6834e-21
986.200	3.6720e-21
986.300	3.6595e-21
986.400	3.6483e-21
986.500	3.6380e-21
986.600	3.6294e-21
986.700	3.6224e-21
986.800	3.6159e-21
986.900	3.6102e-21
987.000	3.6037e-21
987.100	3.5950e-21
987.200	3.5853e-21
987.300	3.5750e-21
987.400	3.5650e-21
987.500	3.5573e-21
987.600	3.5506e-21
987.700	3.5443e-21
987.800	3.5384e-21
987.900	3.5324e-21
988.000	3.5265e-21
988.100	3.5199e-21
988.200	3.5126e-21
988.300	3.5059e-21
988.400	3.4999e-21
988.500	3.4940e-21
988.600	3.4883e-21
988.700	3.4818e-21
988.800	3.4728e-21
988.900	3.4635e-21
989.000	3.4551e-21
989.100	3.4472e-21
989.200	3.4401e-21
989.300	3.4332e-21
989.400	3.4256e-21
989.500	3.4175e-21
989.600	3.4084e-21
989.700	3.3982e-21
989.800	3.3876e-21
989.900	3.3763e-21
990.000	3.3655e-21
990.100	3.3556e-21
990.200	3.3454e-21
990.300	3.3342e-21
990.400	3.3232e-21
990.500	3.3132e-21
990.600	3.3031e-21
990.700	3.2918e-21
990.800	3.2793e-21
990.900	3.2644e-21
991.000	3.2476e-21
991.100	3.2320e-21
991.200	3.2171e-21
991.300	3.2020e-21
991.400	3.1869e-21
991.500	3.1718e-21
991.600	3.1567e-21
991.700	3.1416e-21
991.800	3.1265e-21
991.900	3.1114e-21
992.000	3.0963e-21
992.100	3.0812e-21
992.200	3.0662e-21
992.300	3.0510e-21
992.400	3.0350e-21
992.500	3.0188e-21
992.600	3.0036e-21
992.700	2.9887e-21
992.800	2.9721e-21
992.900	2.9539e-21
993.000	2.9340e-21
993.100	2.9124e-21
993.200	2.8919e-21
993.300	2.8730e-21
993.400	2.8537e-21
993.500	2.8334e-21
993.600	2.8134e-21
993.700	2.7934e-21
993.800	2.7752e-21
993.900	2.7601e-21
994.000	2.7468e-21
994.100	2.7343e-21
994.200	2.7224e-21
994.300	2.7103e-21
994.400	2.6982e-21
994.500	2.6866e-21
994.600	2.6755e-21
994.700	2.6650e-21
994.800	2.6551e-21
994.900	2.6448e-21
995.000	2.6337e-21
995.100	2.6225e-21
995.200	2.6111e-21
995.300	2.6004e-21
995.400	2.5911e-21
995.500	2.5823e-21
995.600	2.5741e-21
995.700	2.5662e-21
995.800	2.5582e-21
995.900	2.5501e-21
996.000	2.5421e-21
996.100	2.5341e-21
996.200	2.5255e-21
996.300	2.5164e-21
996.400	2.5072e-21
996.500	2.4978e-21
996.600	2.4896e-21
996.700	2.4830e-21
996.800	2.4753e-21
996.900	2.4631e-21
997.000	2.4530e-21
997.100	2.4474e-21
997.200	2.4431e-21
997.300	2.4397e-21
997.400	2.4370e-21
997.500	2.4345e-21
997.600	2.4322e-21
997.700	2.4295e-21
997.800	2.4262e-21
997.900	2.4220e-21
998.000	2.4165e-21
998.100	2.4085e-21
998.200	2.3914e-21
998.300	2.3742e-21
998.400	2.3579e-21
998.500	2.3474e-21
998.600	2.3420e-21
998.700	2.3378e-21
998.800	2.3345e-21
998.900	2.3319e-21
999.000	2.3298e-21
999.100	2.3280e-21
999.200	2.3262e-21
999.300	2.3243e-21
999.400	2.3221e-21
999.500	2.3192e-21
999.600	2.3156e-21
999.700	2.3110e-21
999.800	2.3044e-21
999.900	2.2899e-21
1000.000	2.2776e-21
1000.100	2.2705e-21
1000.200	2.2639e-21
1000.300	2.2565e-21
1000.400	2.2497e-21
1000.500	2.2443e-21
1000.600	2.2395e-21
1000.700	2.2353e-21
1000.800	2.2314e-21
1000.900	2.2273e-21
1001.000	2.2232e-21
1001.100	2.2197e-21
1001.200	2.2166e-21
1001.300	2.2142e-21
1001.400	2.2123e-21
1001.500	2.2101e-21
1001.600	2.2072e-21
1001.700	2.2038e-21
1001.800	2.1998e-21
1001.900	2.1957e-21
1002.000	2.1917e-21
1002.100	2.1876e-21
1002.200	2.1835e-21
1002.300	2.1795e-21
1002.400	2.1759e-21
1002.500	2.1729e-21
1002.600	2.1713e-21
1002.700	2.1703e-21
1002.800	2.1701e-21
1002.900	2.1701e-21
1003.000	2.1700e-21
1003.100	2.1690e-21
1003.200	2.1675e-21
1003.300	2.1645e-21
1003.400	2.1611e-21
1003.500	2.1577e-21
1003.600	2.1551e-21
1003.700	2.1537e-21
1003.800	2.1530e-21
1003.900	2.1530e-21
1004.000	2.1530e-21
1004.100	2.1530e-21
1004.200	2.1530e-21
1004.300	2.1530e-21
1004.400	2.1530e-21
1004.500	2.1530e-21
1004.600	2.1530e-21
1004.700	2.1530e-21
1004.800	2.1530e-21
1004.900	2.1530e-21
1005.000	2.1530e-21
1005.100	2.1530e-21
1005.200	2.1530e-21
1005.300	2.1530e-21
1005.400	2.1530e-21
1005.500	2.1530e-21
1005.600	2.1530e-21
1005.700	2.1530e-21
1005.800	2.1530e-21
1005.900	2.1530e-21
1006.000	2.1530e-21
1006.100	2.1530e-21
1006.200	2.1531e-21
1006.300	2.1541e-21
1006.400	2.1557e-21
1006.500	2.1588e-21
1006.600	2.1621e-21
1006.700	2.1653e-21
1006.800	2.1681e-21
1006.900	2.1701e-21
1007.000	2.1721e-21
1007.100	2.1749e-21
1007.200	2.1781e-21
1007.300	2.1812e-21
1007.400	2.1843e-21
1007.500	2.1865e-21
1007.600	2.1884e-21
1007.700	2.1909e-21
1007.800	2.1940e-21
1007.900	2.1971e-21
1008.000	2.2003e-21
1008.100	2.2029e-21
1008.200	2.2048e-21
1008.300	2.2069e-21
1008.400	2.2097e-21
1008.500	2.2131e-21
1008.600	2.2177e-21
1008.700	2.2231e-21
1008.800	2.2298e-21
1008.900	2.2359e-21
1009.000	2.2379e-21
1009.100	2.2393e-21
1009.200	2.2404e-21
1009.300	2.2412e-21
1009.400	2.2419e-21
1009.500	2.2424e-21
1009.600	2.2428e-21
1009.700	2.2431e-21
1009.800	2.2435e-21
1009.900	2.2440e-21
1010.000	2.2446e-21
1010.100	2.2453e-21
1010.200	2.2463e-21
1010.300	2.2476e-21
1010.400	2.2492e-21
1010.500	2.2535e-21
1010.600	2.2607e-21
1010.700	2.2657e-21
1010.800	2.2697e-21
1010.900	2.2722e-21
1011.000	2.2741e-21
1011.100	2.2764e-21
1011.200	2.2795e-21
1011.300	2.2826e-21
1011.400	2.2858e-21
1011.500	2.2885e-21
1011.600	2.2904e-21
1011.700	2.2925e-21
1011.800	2.2954e-21
1011.900	2.2986e-21
1012.000	2.3018e-21
1012.100	2.3047e-21
1012.200	2.3069e-21
1012.300	2.3088e-21
1012.400	2.3113e-21
1012.500	2.3144e-21
1012.600	2.3180e-21
1012.700	2.3221e-21
1012.800	2.3262e-21
1012.900	2.3304e-21
1013.000	2.3341e-21
1013.100	2.3375e-21
1013.200	2.3398e-21
1013.300	2.3408e-21
1013.400	2.3417e-21
1013.500	2.3426e-21
1013.600	2.3437e-21
1013.700	2.3460e-21
1013.800	2.3494e-21
1013.900	2.3532e-21
1014.000	2.3573e-21
1014.100	2.3615e-21
1014.200	2.3656e-21
1014.300	2.3692e-21
1014.400	2.3725e-21
1014.500	2.3743e-21
1014.600	2.3753e-21
1014.700	2.3762e-21
1014.800	2.3771e-21
1014.900	2.3783e-21
1015.000	2.3811e-21
1015.100	2.3845e-21
1015.200	2.3879e-21
1015.300	2.3908e-21
1015.400	2.3922e-21
1015.500	2.3931e-21
1015.600	2.3931e-21
1015.700	2.3931e-21
1015.800	2.3934e-21
1015.900	2.3945e-21
1016.000	2.3962e-21
1016.100	2.3988e-21
1016.200	2.3996e-21
1016.300	2.3996e-21
1016.400	2.3995e-21
1016.500	2.3974e-21
1016.600	2.3952e-21
1016.700	2.3938e-21
1016.800	2.3931e-21
1016.900	2.3931e-21
1017.000	2.3931e-21
1017.100	2.3931e-21
1017.200	2.3931e-21
1017.300	2.3931e-21
1017.400	2.3931e-21
1017.500	2.3931e-21
1017.600	2.3931e-21
1017.700	2.3931e-21
1017.800	2.3931e-21
1017.900	2.3931e-21
1018.000	2.3922e-21
1018.100	2.3907e-21
1018.200	2.3878e-21
1018.300	2.3844e-21
1018.400	2.3810e-21
1018.500	2.3783e-21
1018.600	2.3768e-21
1018.700	2.3760e-21
1018.800	2.3760e-21
1018.900	2.3760e-21
1019.000	2.3760e-21
1019.100	2.3760e-21
1019.200	2.3758e-21
1019.300	2.3747e-21
1019.400	2.3731e-21
1019.500	2.3699e-21
1019.600	2.3666e-21
1019.700	2.3634e-21
1019.800	2.3607e-21
1019.900	2.3587e-21
1020.000	2.3567e-21
1020.100	2.3539e-21
1020.200	2.3507e-21
1020.300	2.3468e-21
1020.400	2.3426e-21
1020.500	2.3393e-21
1020.600	2.3364e-21
1020.700	2.3335e-21
1020.800	2.3306e-21
1020.900	2.3267e-21
1021.000	2.3214e-21
1021.100	2.3165e-21
1021.200	2.3121e-21
1021.300	2.3090e-21
1021.400	2.3070e-21
1021.500	2.3050e-21
1021.600	2.3021e-21
1021.700	2.2989e-21
1021.800	2.2955e-21
1021.900	2.2926e-21
1022.000	2.2914e-21
1022.100	2.2905e-21
1022.200	2.2896e-21
1022.300	2.2886e-21
1022.400	2.2868e-21
1022.500	2.2835e-21
1022.600	2.2802e-21
1022.700	2.2768e-21
1022.800	2.2747e-21
1022.900	2.2735e-21
1023.000	2.2731e-21
1023.100	2.2731e-21
1023.200	2.2731e-21
1023.300	2.2731e-21
1023.400	2.2731e-21
1023.500	2.2731e-21
1023.600	2.2731e-21
1023.700	2.2731e-21
1023.800	2.2731e-21
1023.900	2.2731e-21
1024.000	2.2731e-21
1024.100	2.2731e-21
1024.200	2.2731e-21
1024.300	2.2731e-21
1024.400	2.2731e-21
1024.500	2.2731e-21
1024.600	2.2731e-21
1024.700	2.2731e-21
1024.800	2.2731e-21
1024.900	2.2731e-21
1025.000	2.2731e-21
1025.100	2.2731e-21
1025.200	2.2735e-21
1025.300	2.2748e-21
1025.400	2.2770e-21
1025.500	2.2804e-21
1025.600	2.2836e-21
1025.700	2.2867e-21
1025.800	2.2891e-21
1025.900	2.2910e-21
1026.000	2.2933e-21
1026.100	2.2962e-21
1026.200	2.2996e-21
1026.300	2.3036e-21
1026.400	2.3078e-21
1026.500	2.3118e-21
1026.600	2.3158e-21
1026.700	2.3199e-21
1026.800	2.3239e-21
1026.900	2.3279e-21
1027.000	2.3319e-21
1027.100	2.3359e-21
1027.200	2.3399e-21
1027.300	2.3444e-21
1027.400	2.3496e-21
1027.500	2.3547e-21
1027.600	2.3599e-21
1027.700	2.3645e-21
1027.800	2.3685e-21
1027.900	2.3725e-21
1028.000	2.3765e-21
1028.100	2.3805e-21
1028.200	2.3846e-21
1028.300	2.3886e-21
1028.400	2.3927e-21
1028.500	2.3967e-21
1028.600	2.4000e-21
1028.700	2.4029e-21
1028.800	2.4058e-21
1028.900	2.4088e-21
1029.000	2.4123e-21
1029.100	2.4164e-21
1029.200	2.4205e-21
1029.300	2.4246e-21
1029.400	2.4286e-21
1029.500	2.4328e-21
1029.600	2.4366e-21
1029.700	2.4400e-21
1029.800	2.4425e-21
1029.900	2.4439e-21
1030.000	2.4446e-21
1030.100	2.4446e-21
1030.200	2.4446e-21
1030.300	2.4446e-21
1030.400	2.4446e-21
1030.500	2.4446e-21
1030.600	2.4446e-21
1030.700	2.4446e-21
1030.800	2.4446e-21
1030.900	2.4446e-21
1031.000	2.4446e-21
1031.100	2.4446e-21
1031.200	2.4446e-21
1031.300	2.4446e-21
1031.400	2.4446e-21
1031.500	2.4446e-21
1031.600	2.4440e-21
1031.700	2.4427e-21
1031.800	2.4409e-21
1031.900	2.4387e-21
1032.000	2.4368e-21
1032.100	2.4348e-21
1032.200	2.4323e-21
1032.300	2.4291e-21
1032.400	2.4260e-21
1032.500	2.4228e-21
1032.600	2.4203e-21
1032.700	2.4184e-21
1032.800	2.4162e-21
1032.900	2.4134e-21
1033.000	2.4100e-21
1033.100	2.4060e-21
1033.200	2.4019e-21
1033.300	2.3986e-21
1033.400	2.3957e-21
1033.500	2.3936e-21
1033.600	2.3917e-21
1033.700	2.3892e-21
1033.800	2.3861e-21
1033.900	2.3824e-21
1034.000	2.3782e-21
1034.100	2.3746e-21
1034.200	2.3716e-21
1034.300	2.3687e-21
1034.400	2.3659e-21
1034.500	2.3625e-21
1034.600	2.3576e-21
1034.700	2.3522e-21
1034.800	2.3472e-21
1034.900	2.3421e-21
1035.000	2.3371e-21
1035.100	2.3321e-21
1035.200	2.3269e-21
1035.300	2.3219e-21
1035.400	2.3176e-21
1035.500	2.3138e-21
1035.600	2.3089e-21
1035.700	2.3028e-21
1035.800	2.2962e-21
1035.900	2.2889e-21
1036.000	2.2821e-21
1036.100	2.2761e-21
1036.200	2.2702e-21
1036.300	2.2642e-21
1036.400	2.2581e-21
1036.500	2.2514e-21
1036.600	2.2441e-21
1036.700	2.2354e-21
1036.800	2.2260e-21
1036.900	2.2175e-21
1037.000	2.2094e-21
1037.100	2.2027e-21
1037.200	2.1969e-21
1037.300	2.1905e-21
1037.400	2.1835e-21
1037.500	2.1760e-21
1037.600	2.1680e-21
1037.700	2.1598e-21
1037.800	2.1516e-21
1037.900	2.1437e-21
1038.000	2.1363e-21
1038.100	2.1296e-21
1038.200	2.1243e-21
1038.300	2.1195e-21
1038.400	2.1147e-21
1038.500	2.1096e-21
1038.600	2.1035e-21
1038.700	2.0962e-21
1038.800	2.0884e-21
1038.900	2.0800e-21
1039.000	2.0728e-21
1039.100	2.0666e-21
1039.200	2.0615e-21
1039.300	2.0577e-21
1039.400	2.0534e-21
1039.500	2.0478e-21
1039.600	2.0411e-21
1039.700	2.0330e-21
1039.800	2.0249e-21
1039.900	2.0182e-21
1040.000	2.0125e-21
1040.100	2.0082e-21
1040.200	2.0044e-21
1040.300	1.9993e-21
1040.400	1.9929e-21
1040.500	1.9867e-21
1040.600	1.9804e-21
1040.700	1.9754e-21
1040.800	1.9716e-21
1040.900	1.9672e-21
1041.000	1.9611e-21
1041.100	1.9548e-21
1041.200	1.9482e-21
1041.300	1.9428e-21
1041.400	1.9395e-21
1041.500	1.9367e-21
1041.600	1.9338e-21
1041.700	1.9308e-21
1041.800	1.9270e-21
1041.900	1.9228e-21
1042.000	1.9193e-21
1042.100	1.9163e-21
1042.200	1.9139e-21
1042.300	1.9120e-21
1042.400	1.9097e-21
1042.500	1.9067e-21
1042.600	1.9035e-21
1042.700	1.9003e-21
1042.800	1.8976e-21
1042.900	1.8956e-21
1043.000	1.8936e-21
1043.100	1.8907e-21
1043.200	1.8876e-21
1043.300	1.8844e-21
1043.400	1.8814e-21
1043.500	1.8791e-21
1043.600	1.8773e-21
1043.700	1.8748e-21
1043.800	1.8716e-21
1043.900	1.8684e-21
1044.000	1.8651e-21
1044.100	1.8630e-21
1044.200	1.8621e-21
1044.300	1.8611e-21
1044.400	1.8603e-21
1044.500	1.8591e-21
1044.600	1.8564e-21
1044.700	1.8530e-21
1044.800	1.8496e-21
1044.900	1.8467e-21
1045.000	1.8452e-21
1045.100	1.8442e-21
1045.200	1.8442e-21
1045.300	1.8442e-21
1045.400	1.8442e-21
1045.500	1.8442e-21
1045.600	1.8441e-21
1045.700	1.8431e-21
1045.800	1.8415e-21
1045.900	1.8385e-21
1046.000	1.8351e-21
1046.100	1.8317e-21
1046.200	1.8291e-21
1046.300	1.8277e-21
1046.400	1.8270e-21
1046.500	1.8270e-21
1046.600	1.8270e-21
1046.700	1.8270e-21
1046.800	1.8270e-21
1046.900	1.8268e-21
1047.000	1.8256e-21
1047.100	1.8238e-21
1047.200	1.8205e-21
1047.300	1.8172e-21
1047.400	1.8138e-21
1047.500	1.8116e-21
1047.600	1.8103e-21
1047.700	1.8099e-21
1047.800	1.8099e-21
1047.900	1.8099e-21
1048.000	1.8099e-21
1048.100	1.8099e-21
1048.200	1.8099e-21
1048.300	1.8099e-21
1048.400	1.8095e-21
1048.500	1.8083e-21
1048.600	1.8067e-21
1048.700	1.8046e-21
1048.800	1.8025e-21
1048.900	1.8005e-21
1049.000	1.7985e-21
1049.100	1.7965e-21
1049.200	1.7945e-21
1049.300	1.7926e-21
1049.400	1.7904e-21
1049.500	1.7875e-21
1049.600	1.7843e-21
1049.700	1.7809e-21
1049.800	1.7780e-21
1049.900	1.7767e-21
1050.000	1.7759e-21
1050.100	1.7749e-21
1050.200	1.7740e-21
1050.300	1.7722e-21
1050.400	1.7690e-21
1050.500	1.7654e-21
1050.600	1.7612e-21
1050.700	1.7574e-21
1050.800	1.7542e-21
1050.900	1.7516e-21
1051.000	1.7495e-21
1051.100	1.7476e-21
1051.200	1.7456e-21
1051.300	1.7436e-21
1051.400	1.7417e-21
1051.500	1.7396e-21
1051.600	1.7370e-21
1051.700	1.7338e-21
1051.800	1.7306e-21
1051.900	1.7275e-21
1052.000	1.7251e-21
1052.100	1.7233e-21
1052.200	1.7210e-21
1052.300	1.7180e-21
1052.400	1.7146e-21
1052.500	1.7107e-21
1052.600	1.7064e-21
1052.700	1.7014e-21
1052.800	1.6963e-21
1052.900	1.6911e-21
1053.000	1.6861e-21
1053.100	1.6821e-21
1053.200	1.6781e-21
1053.300	1.6730e-21
1053.400	1.6668e-21
1053.500	1.6594e-21
1053.600	1.6509e-21
1053.700	1.6437e-21
1053.800	1.6375e-21
1053.900	1.6325e-21
1054.000	1.6287e-21
1054.100	1.6244e-21
1054.200	1.6187e-21
1054.300	1.6120e-21
1054.400	1.6040e-21
1054.500	1.5958e-21
1054.600	1.5883e-21
1054.700	1.5815e-21
1054.800	1.5760e-21
1054.900	1.5712e-21
1055.000	1.5663e-21
1055.100	1.5613e-21
1055.200	1.5557e-21
1055.300	1.5496e-21
1055.400	1.5435e-21
1055.500	1.5376e-21
1055.600	1.5312e-21
1055.700	1.5243e-21
1055.800	1.5169e-21
1055.900	1.5089e-21
1056.000	1.5007e-21
1056.100	1.4928e-21
1056.200	1.4847e-21
1056.300	1.4762e-21
1056.400	1.4669e-21
1056.500	1.4566e-21
1056.600	1.4434e-21
1056.700	1.4037e-21
1056.800	1.3290e-21
1056.900	1.3024e-21
1057.000	1.2878e-21
1057.100	1.2737e-21
1057.200	1.2600e-21
1057.300	1.2468e-21
1057.400	1.2340e-21
1057.500	1.2216e-21
1057.600	1.2096e-21
1057.700	1.1981e-21
1057.800	1.1870e-21
1057.900	1.1762e-21
1058.000	1.1659e-21
1058.100	1.1559e-21
1058.200	1.1464e-21
1058.300	1.1372e-21
1058.400	1.1284e-21
1058.500	1.1199e-21
1058.600	1.1118e-21
1058.700	1.1041e-21
1058.800	1.0967e-21
1058.900	1.0896e-21
1059.000	1.0829e-21
1059.100	1.0765e-21
1059.200	1.0704e-21
1059.300	1.0646e-21
1059.400	1.0591e-21
1059.500	1.0540e-21
1059.600	1.0491e-21
1059.700	1.0445e-21
1059.800	1.0402e-21
1059.900	1.0362e-21
1060.000	1.0324e-21
1060.100	1.0289e-21
1060.200	1.0257e-21
1060.300	1.0227e-21
1060.400	1.0200e-21
1060.500	1.0175e-21
1060.600	1.0152e-21
1060.700	1.0131e-21
1060.800	1.0113e-21
1060.900	1.0097e-21
1061.000	1.0083e-21
1061.100	1.0070e-21
1061.200	1.0060e-21
1061.300	1.0052e-21
1061.400	1.0045e-21
1061.500	1.0041e-21
1061.600	1.0037e-21
1061.700	1.0036e-21
1061.800	1.0017e-21
1061.900	9.9275e-22
1062.000	9.8498e-22
1062.100	9.7834e-22
1062.200	9.7223e-22
1062.300	9.6663e-22
1062.400	9.6112e-22
1062.500	9.5537e-22
1062.600	9.4992e-22
1062.700	9.4505e-22
1062.800	9.4065e-22
1062.900	9.3694e-22
1063.000	9.3344e-22
1063.100	9.2917e-22
1063.200	9.2439e-22
1063.300	9.1973e-22
1063.400	9.1510e-22
1063.500	9.1045e-22
1063.600	9.0581e-22
1063.700	9.0113e-22
1063.800	8.9633e-22
1063.900	8.9202e-22
1064.000	8.8848e-22
1064.100	8.8473e-22
1064.200	8.8015e-22
1064.300	8.7534e-22
1064.400	8.7053e-22
1064.500	8.6591e-22
1064.600	8.6202e-22
1064.700	8.5846e-22
1064.800	8.5487e-22
1064.900	8.5123e-22
1065.000	8.4701e-22
1065.100	8.4219e-22
1065.200	8.3739e-22
1065.300	8.3255e-22
1065.400	8.2824e-22
1065.500	8.2456e-22
1065.600	8.2093e-22
1065.700	8.1722e-22
1065.800	8.1351e-22
1065.900	8.0979e-22
1066.000	8.0607e-22
1066.100	8.0221e-22
1066.200	7.9853e-22
1066.300	7.9557e-22
1066.400	7.9296e-22
1066.500	7.9036e-22
1066.600	7.8773e-22
1066.700	7.8406e-22
1066.800	7.7908e-22
1066.900	7.7409e-22
1067.000	7.6902e-22
1067.100	7.6507e-22
1067.200	7.6234e-22
1067.300	7.5974e-22
1067.400	7.5698e-22
1067.500	7.5423e-22
1067.600	7.5147e-22
1067.700	7.4871e-22
1067.800	7.4604e-22
1067.900	7.4325e-22
1068.000	7.3981e-22
1068.100	7.3588e-22
1068.200	7.3213e-22
1068.300	7.2842e-22
1068.400	7.2416e-22
1068.500	7.1927e-22
1068.600	7.1433e-22
1068.700	7.0920e-22
1068.800	7.0515e-22
1068.900	7.0234e-22
1069.000	6.9971e-22
1069.100	6.9704e-22
1069.200	6.9412e-22
1069.300	6.9049e-22
1069.400	6.8652e-22
1069.500	6.8270e-22
1069.600	6.7889e-22
1069.700	6.7498e-22
1069.800	6.7111e-22
1069.900	6.6783e-22
1070.000	6.6500e-22
1070.100	6.6276e-22
1070.200	6.6101e-22
1070.300	6.5925e-22
1070.400	6.5744e-22
1070.500	6.5562e-22
1070.600	6.5392e-22
1070.700	6.5194e-22
1070.800	6.4934e-22
1070.900	6.4626e-22
1071.000	6.4261e-22
1071.100	6.3861e-22
1071.200	6.3476e-22
1071.300	6.3091e-22
1071.400	6.2698e-22
1071.500	6.2305e-22
1071.600	6.1979e-22
1071.700	6.1703e-22
1071.800	6.1423e-22
1071.900	6.1138e-22
1072.000	6.0852e-22
1072.100	6.0567e-22
1072.200	6.0283e-22
1072.300	6.0025e-22
1072.400	5.9706e-22
1072.500	5.9165e-22
1072.600	5.8523e-22
1072.700	5.7889e-22
1072.800	5.7309e-22
1072.900	5.6960e-22
1073.000	5.6700e-22
1073.100	5.6418e-22
1073.200	5.6130e-22
1073.300	5.5837e-22
1073.400	5.5537e-22
1073.500	5.5299e-22
1073.600	5.5126e-22
1073.700	5.4920e-22
1073.800	5.4645e-22
1073.900	5.4324e-22
1074.000	5.3927e-22
1074.100	5.3540e-22
1074.200	5.3224e-22
1074.300	5.2955e-22
1074.400	5.2758e-22
1074.500	5.2580e-22
1074.600	5.2337e-22
1074.700	5.2036e-22
1074.800	5.1681e-22
1074.900	5.1269e-22
1075.000	5.0926e-22
1075.100	5.0643e-22
1075.200	5.0361e-22
1075.300	5.0082e-22
1075.400	4.9766e-22
1075.500	4.9362e-22
1075.600	4.8980e-22
1075.700	4.8666e-22
1075.800	4.8401e-22
1075.900	4.8197e-22
1076.000	4.8018e-22
1076.100	4.7837e-22
1076.200	4.7647e-22
1076.300	4.7403e-22
1076.400	4.7102e-22
1076.500	4.6749e-22
1076.600	4.6334e-22
1076.700	4.5986e-22
1076.800	4.5699e-22
1076.900	4.5416e-22
1077.000	4.5136e-22
1077.100	4.4820e-22
1077.200	4.4416e-22
1077.300	4.4030e-22
1077.400	4.3728e-22
1077.500	4.3447e-22
1077.600	4.3165e-22
1077.700	4.2870e-22
1077.800	4.2498e-22
1077.900	4.2086e-22
1078.000	4.1748e-22
1078.100	4.1456e-22
1078.200	4.1232e-22
1078.300	4.1061e-22
1078.400	4.0810e-22
1078.500	4.0414e-22
1078.600	3.9964e-22
1078.700	3.9435e-22
1078.800	3.8986e-22
1078.900	3.8683e-22
1079.000	3.8408e-22
1079.100	3.8125e-22
1079.200	3.7825e-22
1079.300	3.7455e-22
1079.400	3.7044e-22
1079.500	3.6648e-22
1079.600	3.6253e-22
1079.700	3.5858e-22
1079.800	3.5463e-22
1079.900	3.5063e-22
1080.000	3.4655e-22
1080.100	3.4301e-22
1080.200	3.3993e-22
1080.300	3.3742e-22
1080.400	3.3557e-22
1080.500	3.3356e-22
1080.600	3.3082e-22
1080.700	3.2761e-22
1080.800	3.2370e-22
1080.900	3.1964e-22
1081.000	3.1635e-22
1081.100	3.1350e-22
1081.200	3.1128e-22
1081.300	3.0944e-22
1081.400	3.0752e-22
1081.500	3.0557e-22
1081.600	3.0362e-22
1081.700	3.0167e-22
1081.800	2.9972e-22
1081.900	2.9777e-22
1082.000	2.9583e-22
1082.100	2.9406e-22
1082.200	2.9186e-22
1082.300	2.8830e-22
1082.400	2.8388e-22
1082.500	2.7882e-22
1082.600	2.7377e-22
1082.700	2.7026e-22
1082.800	2.6747e-22
1082.900	2.6513e-22
1083.000	2.6318e-22
1083.100	2.6178e-22
1083.200	2.6069e-22
1083.300	2.6050e-22
1083.400	2.6055e-22
1083.500	2.6060e-22
1083.600	2.6066e-22
1083.700	2.6071e-22
1083.800	2.6076e-22
1083.900	2.6081e-22
1084.000	2.6024e-22
1084.100	2.5893e-22
1084.200	2.5658e-22
1084.300	2.5319e-22
1084.400	2.5007e-22
1084.500	2.4706e-22
1084.600	2.4475e-22
1084.700	2.4287e-22
1084.800	2.4088e-22
1084.900	2.3876e-22
1085.000	2.3729e-22
1085.100	2.3636e-22
1085.200	2.3546e-22
1085.300	2.3459e-22
1085.400	2.3348e-22
1085.500	2.3143e-22
1085.600	2.2947e-22
1085.700	2.2815e-22
1085.800	2.2740e-22
1085.900	2.2742e-22
1086.000	2.2747e-22
1086.100	2.2751e-22
1086.200	2.2755e-22
1086.300	2.2759e-22
1086.400	2.2763e-22
1086.500	2.2767e-22
1086.600	2.2771e-22
1086.700	2.2775e-22
1086.800	2.2778e-22
1086.900	2.2779e-22
1087.000	2.2698e-22
1087.100	2.2565e-22
1087.200	2.2380e-22
1087.300	2.2165e-22
1087.400	2.1967e-22
1087.500	2.1769e-22
1087.600	2.1559e-22
1087.700	2.1358e-22
1087.800	2.1219e-22
1087.900	2.1117e-22
1088.000	2.1106e-22
1088.100	2.1109e-22
1088.200	2.1100e-22
1088.300	2.0999e-22
1088.400	2.0860e-22
1088.500	2.0661e-22
1088.600	2.0449e-22
1088.700	2.0251e-22
1088.800	2.0053e-22
1088.900	1.9837e-22
1089.000	1.9650e-22
1089.100	1.9539e-22
1089.200	1.9451e-22
1089.300	1.9360e-22
1089.400	1.9264e-22
1089.500	1.9114e-22
1089.600	1.8901e-22
1089.700	1.8696e-22
1089.800	1.8498e-22
1089.900	1.8295e-22
1090.000	1.8080e-22
1090.100	1.7918e-22
1090.200	1.7792e-22
1090.300	1.7744e-22
1090.400	1.7747e-22
1090.500	1.7750e-22
1090.600	1.7752e-22
1090.700	1.7755e-22
1090.800	1.7712e-22
1090.900	1.7585e-22
1091.000	1.7374e-22
1091.100	1.7036e-22
1091.200	1.6708e-22
1091.300	1.6382e-22
1091.400	1.6201e-22
1091.500	1.6087e-22
1091.600	1.6062e-22
1091.700	1.6064e-22
1091.800	1.6066e-22
1091.900	1.6069e-22
1092.000	1.6071e-22
1092.100	1.6073e-22
1092.200	1.6075e-22
1092.300	1.6078e-22
1092.400	1.6080e-22
1092.500	1.6082e-22
1092.600	1.6084e-22
1092.700	1.6056e-22
1092.800	1.5939e-22
1092.900	1.5751e-22
1093.000	1.5422e-22
1093.100	1.5094e-22
1093.200	1.4757e-22
1093.300	1.4552e-22
1093.400	1.4427e-22
1093.500	1.4387e-22
1093.600	1.4389e-22
1093.700	1.4391e-22
1093.800	1.4393e-22
1093.900	1.4395e-22
1094.000	1.4396e-22
1094.100	1.4398e-22
1094.200	1.4362e-22
1094.300	1.4239e-22
1094.400	1.4039e-22
1094.500	1.3703e-22
1094.600	1.3376e-22
1094.700	1.3043e-22
1094.800	1.2850e-22
1094.900	1.2731e-22
1095.000	1.2699e-22
1095.100	1.2700e-22
1095.200	1.2701e-22
1095.300	1.2628e-22
1095.400	1.2490e-22
1095.500	1.2231e-22
1095.600	1.1889e-22
1095.700	1.1555e-22
1095.800	1.1257e-22
1095.900	1.1104e-22
1096.000	1.1009e-22
1096.100	1.1000e-22
1096.200	1.1002e-22
1096.300	1.1003e-22
1096.400	1.1005e-22
1096.500	1.1006e-22
1096.600	1.1008e-22
1096.700	1.1005e-22
1096.800	1.0919e-22
1096.900	1.0784e-22
1097.000	1.0595e-22
1097.100	1.0378e-22
1097.200	1.0162e-22
1097.300	9.9688e-23
1097.400	9.8319e-23
1097.500	9.7399e-23
1097.600	9.8073e-23
1097.700	1.0055e-22
1097.800	1.0339e-22
1097.900	1.0683e-22
1098.000	1.0879e-22
1098.100	1.0998e-22
1098.200	1.1022e-22
1098.300	1.0932e-22
1098.400	1.0784e-22
1098.500	1.0495e-22
1098.600	1.0158e-22
1098.700	9.8178e-23
1098.800	9.5467e-23
1098.900	9.4049e-23
1099.000	9.3256e-23
1099.100	9.3239e-23
1099.200	9.3250e-23
1099.300	9.3261e-23
1099.400	9.3272e-23
1099.500	9.3283e-23
1099.600	9.3294e-23
1099.700	9.3304e-23
1099.800	9.3315e-23
1099.900	9.3273e-23
1100.000	9.2409e-23
1100.100	9.0947e-23
1100.200	8.8112e-23
1100.300	8.4733e-23
1100.400	8.1339e-23
1100.500	7.8560e-23
1100.600	7.7120e-23
1100.700	7.6289e-23
1100.800	7.6258e-23
1100.900	7.6268e-23
1101.000	7.6277e-23
1101.100	7.6286e-23
1101.200	7.6295e-23
1101.300	7.6304e-23
1101.400	7.6313e-23
1101.500	7.6322e-23
1101.600	7.6331e-23
1101.700	7.6339e-23
1101.800	7.6348e-23
1101.900	7.6356e-23
1102.000	7.6365e-23
1102.100	7.6373e-23
1102.200	7.6381e-23
1102.300	7.6389e-23
1102.400	7.6397e-23
1102.500	7.6405e-23
1102.600	7.6413e-23
1102.700	7.6421e-23
1102.800	7.6429e-23
1102.900	7.6436e-23
1103.000	7.6444e-23
1103.100	7.6371e-23
1103.200	7.5415e-23
1103.300	7.4019e-23
1103.400	7.1870e-23
1103.500	6.9954e-23
1103.600	6.8620e-23
1103.700	6.7920e-23
1103.800	6.8497e-23
1103.900	6.9815e-23
1104.000	7.1631e-23
1104.100	7.3860e-23
1104.200	7.5323e-23
1104.300	7.6390e-23
1104.400	7.6542e-23
1104.500	7.6549e-23
1104.600	7.6428e-23
1104.700	7.5397e-23
1104.800	7.3963e-23
1104.900	7.1761e-23
1105.000	6.9930e-23
1105.100	6.8616e-23
1105.200	6.8015e-23
1105.300	6.8021e-23
1105.400	6.8027e-23
1105.500	6.8033e-23
1105.600	6.8039e-23
1105.700	6.8045e-23
1105.800	6.8051e-23
1105.900	6.7772e-23
1106.000	6.6595e-23
1106.100	6.5032e-23
1106.200	6.2764e-23
1106.300	6.1120e-23
1106.400	5.9887e-23
1106.500	5.9559e-23
1106.600	6.0459e-23
1106.700	6.1841e-23
1106.800	6.3946e-23
1106.900	6.5953e-23
1107.000	6.7311e-23
1107.100	6.8105e-23
1107.200	6.8125e-23
1107.300	6.8130e-23
1107.400	6.8135e-23
1107.500	6.8140e-23
1107.600	6.8144e-23
1107.700	6.8149e-23
1107.800	6.7995e-23
1107.900	6.6925e-23
1108.000	6.5463e-23
1108.100	6.3237e-23
1108.200	6.1450e-23
1108.300	6.0150e-23
1108.400	5.9609e-23
1108.500	6.0341e-23
1108.600	6.1690e-23
1108.700	6.3638e-23
1108.800	6.5785e-23
1108.900	6.7185e-23
1109.000	6.8136e-23
1109.100	6.8211e-23
1109.200	6.8215e-23
1109.300	6.8219e-23
1109.400	6.8223e-23
1109.500	6.8227e-23
1109.600	6.8231e-23
1109.700	6.8235e-23
1109.800	6.8238e-23
1109.900	6.8222e-23
1110.000	6.7451e-23
