880.000	6.2881e-23
880.100	6.3599e-23
880.200	6.4325e-23
880.300	6.5059e-23
880.400	6.5802e-23
880.500	6.6553e-23
880.600	6.7313e-23
880.700	6.8081e-23
880.800	6.8858e-23
880.900	6.9644e-23
881.000	7.0439e-23
881.100	7.1243e-23
881.200	7.2056e-23
881.300	7.2879e-23
881.400	7.3711e-23
881.500	7.4552e-23
881.600	7.5403e-23
881.700	7.6264e-23
881.800	7.7134e-23
881.900	7.8014e-23
882.000	7.8905e-23
882.100	7.9806e-23
882.200	8.0717e-23
882.300	8.1638e-23
882.400	8.2570e-23
882.500	8.3512e-23
882.600	8.4465e-23
882.700	8.5430e-23
882.800	8.6405e-23
882.900	8.7391e-23
883.000	8.8388e-23
883.100	8.9397e-23
883.200	9.0418e-23
883.300	9.1450e-23
883.400	9.2494e-23
883.500	9.3549e-23
883.600	9.4617e-23
883.700	9.5697e-23
883.800	9.6790e-23
883.900	9.7894e-23
884.000	9.9012e-23
884.100	1.0014e-22
884.200	1.0128e-22
884.300	1.0244e-22
884.400	1.0361e-22
884.500	1.0479e-22
884.600	1.0599e-22
884.700	1.0720e-22
884.800	1.0842e-22
884.900	1.0966e-22
885.000	1.1091e-22
885.100	1.1218e-22
885.200	1.1346e-22
885.300	1.1475e-22
885.400	1.1606e-22
885.500	1.1739e-22
885.600	1.1873e-22
885.700	1.2008e-22
885.800	1.2145e-22
885.900	1.2284e-22
886.000	1.2424e-22
886.100	1.2566e-22
886.200	1.2709e-22
886.300	1.2855e-22
886.400	1.3001e-22
886.500	1.3150e-22
886.600	1.3300e-22
886.700	1.3452e-22
886.800	1.3605e-22
886.900	1.3760e-22
887.000	1.3917e-22
887.100	1.4076e-22
887.200	1.4237e-22
887.300	1.4400e-22
887.400	1.4564e-22
887.500	1.4730e-22
887.600	1.4898e-22
887.700	1.5068e-22
887.800	1.5240e-22
887.900	1.5414e-22
888.000	1.5590e-22
888.100	1.5768e-22
888.200	1.5948e-22
888.300	1.6130e-22
888.400	1.6314e-22
888.500	1.6500e-22
888.600	1.6689e-22
888.700	1.6879e-22
888.800	1.7072e-22
888.900	1.7267e-22
889.000	1.7464e-22
889.100	1.7663e-22
889.200	1.7865e-22
889.300	1.8069e-22
889.400	1.8275e-22
889.500	1.8484e-22
889.600	1.8695e-22
889.700	1.8908e-22
889.800	1.9124e-22
889.900	1.9342e-22
890.000	1.9563e-22
890.100	1.9786e-22
890.200	2.0012e-22
890.300	2.0240e-22
890.400	2.0472e-22
890.500	2.0705e-22
890.600	2.0942e-22
890.700	2.1181e-22
890.800	2.1422e-22
890.900	2.1667e-22
891.000	2.1914e-22
891.100	2.2164e-22
891.200	2.2417e-22
891.300	2.2673e-22
891.400	2.2932e-22
891.500	2.3194e-22
891.600	2.3458e-22
891.700	2.3726e-22
891.800	2.3997e-22
891.900	2.4271e-22
892.000	2.4548e-22
892.100	2.4828e-22
892.200	2.5112e-22
892.300	2.5398e-22
892.400	2.5688e-22
892.500	2.5981e-22
892.600	2.6278e-22
892.700	2.6578e-22
892.800	2.6881e-22
892.900	2.7188e-22
893.000	2.7498e-22
893.100	2.7812e-22
893.200	2.8130e-22
893.300	2.8451e-22
893.400	2.8776e-22
893.500	2.9104e-22
893.600	2.9436e-22
893.700	2.9772e-22
893.800	3.0112e-22
893.900	3.0456e-22
894.000	3.0803e-22
894.100	3.1155e-22
894.200	3.1511e-22
894.300	3.1870e-22
894.400	3.2234e-22
894.500	3.2602e-22
894.600	3.2857e-22
894.700	3.2857e-22
894.800	3.2857e-22
894.900	3.2857e-22
895.000	3.3974e-22
895.100	3.5049e-22
895.200	3.5279e-22
895.300	3.5491e-22
895.400	3.5685e-22
895.500	3.5861e-22
895.600	3.6021e-22
895.700	3.6166e-22
895.800	3.6297e-22
895.900	3.6414e-22
896.000	3.6519e-22
896.100	3.6612e-22
896.200	3.6694e-22
896.300	3.6766e-22
896.400	3.6830e-22
896.500	3.6885e-22
896.600	3.6933e-22
896.700	3.6975e-22
896.800	3.7011e-22
896.900	3.7043e-22
897.000	3.7071e-22
897.100	3.7097e-22
897.200	3.7121e-22
897.300	3.7144e-22
897.400	3.7167e-22
897.500	3.7191e-22
897.600	3.7217e-22
897.700	3.7246e-22
897.800	3.7278e-22
897.900	3.7315e-22
898.000	3.7357e-22
898.100	3.7406e-22
898.200	3.7462e-22
898.300	3.7526e-22
898.400	3.7599e-22
898.500	3.7683e-22
898.600	3.7777e-22
898.700	3.7883e-22
898.800	3.8001e-22
898.900	3.8133e-22
899.000	3.8280e-22
899.100	3.8442e-22
899.200	3.8620e-22
899.300	3.8815e-22
899.400	3.9029e-22
899.500	3.9261e-22
899.600	4.0354e-22
899.700	4.1546e-22
899.800	4.1997e-22
899.900	4.2253e-22
900.000	4.2440e-22
900.100	4.2586e-22
900.200	4.2702e-22
900.300	4.2800e-22
900.400	4.2892e-22
900.500	4.2987e-22
900.600	4.3098e-22
900.700	4.3236e-22
900.800	4.3412e-22
900.900	4.3664e-22
901.000	4.4189e-22
901.100	4.4286e-22
901.200	4.4286e-22
901.300	4.4286e-22
901.400	4.4299e-22
901.500	4.4750e-22
901.600	4.5126e-22
901.700	4.5351e-22
901.800	4.5525e-22
901.900	4.5678e-22
902.000	4.5840e-22
902.100	4.6040e-22
902.200	4.6308e-22
902.300	4.6759e-22
902.400	4.7456e-22
902.500	4.8165e-22
902.600	4.8634e-22
902.700	4.8866e-22
902.800	4.9038e-22
902.900	4.9172e-22
903.000	4.9287e-22
903.100	4.9404e-22
903.200	4.9543e-22
903.300	4.9718e-22
903.400	4.9924e-22
903.500	5.0239e-22
903.600	5.0717e-22
903.700	5.1577e-22
903.800	5.2303e-22
903.900	5.2728e-22
904.000	5.3012e-22
904.100	5.3217e-22
904.200	5.3400e-22
904.300	5.3616e-22
904.400	5.3860e-22
904.500	5.4117e-22
904.600	5.4393e-22
904.700	5.4694e-22
904.800	5.5027e-22
904.900	5.5441e-22
905.000	5.5875e-22
905.100	5.6305e-22
905.200	5.6644e-22
905.300	5.6921e-22
905.400	5.7171e-22
905.500	5.7423e-22
905.600	5.7711e-22
905.700	5.8124e-22
905.800	5.8560e-22
905.900	5.8571e-22
906.000	5.8580e-22
906.100	5.8967e-22
906.200	5.9615e-22
906.300	6.0540e-22
906.400	6.1134e-22
906.500	6.1429e-22
906.600	6.1429e-22
906.700	6.1429e-22
906.800	6.1429e-22
906.900	6.1493e-22
907.000	6.1762e-22
907.100	6.2286e-22
907.200	6.3026e-22
907.300	6.3899e-22
907.400	6.4668e-22
907.500	6.5288e-22
907.600	6.5551e-22
907.700	6.5737e-22
907.800	6.5929e-22
907.900	6.6209e-22
908.000	6.6655e-22
908.100	6.7066e-22
908.200	6.7499e-22
908.300	6.8106e-22
908.400	6.8756e-22
908.500	6.9385e-22
908.600	7.0014e-22
908.700	7.0643e-22
908.800	7.1230e-22
908.900	7.1787e-22
909.000	7.2439e-22
909.100	7.3403e-22
909.200	7.4777e-22
909.300	7.5535e-22
909.400	7.6116e-22
909.500	7.6744e-22
909.600	7.7373e-22
909.700	7.8002e-22
909.800	7.8617e-22
909.900	7.9256e-22
910.000	8.0133e-22
910.100	8.0847e-22
910.200	8.1252e-22
910.300	8.1643e-22
910.400	8.2061e-22
910.500	8.2734e-22
910.600	8.3753e-22
910.700	8.5622e-22
910.800	8.6792e-22
910.900	8.7491e-22
911.000	8.8041e-22
911.100	8.8481e-22
911.200	8.8847e-22
911.300	8.9177e-22
911.400	8.9508e-22
911.500	8.9878e-22
911.600	9.0324e-22
911.700	9.0885e-22
911.800	9.1608e-22
911.900	9.2776e-22
912.000	9.4206e-22
912.100	9.5510e-22
912.200	9.6442e-22
912.300	9.7211e-22
912.400	9.8005e-22
912.500	9.9038e-22
912.600	1.0037e-21
912.700	1.0136e-21
912.800	1.0214e-21
912.900	1.0275e-21
913.000	1.0327e-21
913.100	1.0392e-21
913.200	1.0512e-21
913.300	1.0696e-21
913.400	1.0816e-21
913.500	1.0970e-21
913.600	1.1366e-21
913.700	1.1544e-21
913.800	1.1628e-21
913.900	1.1701e-21
914.000	1.1763e-21
914.100	1.1815e-21
914.200	1.1859e-21
914.300	1.1896e-21
914.400	1.1926e-21
914.500	1.1951e-21
914.600	1.1971e-21
914.700	1.1988e-21
914.800	1.2003e-21
914.900	1.2017e-21
915.000	1.2031e-21
915.100	1.2046e-21
915.200	1.2062e-21
915.300	1.2082e-21
915.400	1.2105e-21
915.500	1.2134e-21
915.600	1.2168e-21
915.700	1.2210e-21
915.800	1.2260e-21
915.900	1.2319e-21
916.000	1.2389e-21
916.100	1.2470e-21
916.200	1.2563e-21
916.300	1.2934e-21
916.400	1.3385e-21
916.500	1.3630e-21
916.600	1.3887e-21
916.700	1.4163e-21
916.800	1.4408e-21
916.900	1.4627e-21
917.000	1.4817e-21
917.100	1.5001e-21
917.200	1.5187e-21
917.300	1.5403e-21
917.400	1.5639e-21
917.500	1.5873e-21
917.600	1.6098e-21
917.700	1.6311e-21
917.800	1.6496e-21
917.900	1.6659e-21
918.000	1.6805e-21
918.100	1.6957e-21
918.200	1.7146e-21
918.300	1.7340e-21
918.400	1.7531e-21
918.500	1.7690e-21
918.600	1.7829e-21
918.700	1.7951e-21
918.800	1.8089e-21
918.900	1.8257e-21
919.000	1.8452e-21
919.100	1.8667e-21
919.200	1.8874e-21
919.300	1.9090e-21
919.400	1.9324e-21
919.500	1.9548e-21
919.600	1.9756e-21
919.700	1.9916e-21
919.800	2.0053e-21
919.900	2.0177e-21
920.000	2.0308e-21
920.100	2.0455e-21
920.200	2.0633e-21
920.300	2.0825e-21
920.400	2.1000e-21
920.500	2.1150e-21
920.600	2.1274e-21
920.700	2.1402e-21
920.800	2.1526e-21
920.900	2.1618e-21
921.000	2.1692e-21
921.100	2.1750e-21
921.200	2.1836e-21
921.300	2.1970e-21
921.400	2.2130e-21
921.500	2.2300e-21
921.600	2.2462e-21
921.700	2.2570e-21
921.800	2.2637e-21
921.900	2.2630e-21
922.000	2.2607e-21
922.100	2.2621e-21
922.200	2.2659e-21
922.300	2.2774e-21
922.400	2.2882e-21
922.500	2.2963e-21
922.600	2.2964e-21
922.700	2.2962e-21
922.800	2.2895e-21
922.900	2.2832e-21
923.000	2.2788e-21
923.100	2.2805e-21
923.200	2.2860e-21
923.300	2.2944e-21
923.400	2.3027e-21
923.500	2.3099e-21
923.600	2.3101e-21
923.700	2.3073e-21
923.800	2.2991e-21
923.900	2.2921e-21
924.000	2.2896e-21
924.100	2.2903e-21
924.200	2.2954e-21
924.300	2.3024e-21
924.400	2.3121e-21
924.500	2.3261e-21
924.600	2.3347e-21
924.700	2.3390e-21
924.800	2.3365e-21
924.900	2.3285e-21
925.000	2.3196e-21
925.100	2.3125e-21
925.200	2.3077e-21
925.300	2.3085e-21
925.400	2.3138e-21
925.500	2.3211e-21
925.600	2.3249e-21
925.700	2.3231e-21
925.800	2.3175e-21
925.900	2.3029e-21
926.000	2.2876e-21
926.100	2.2786e-21
926.200	2.2786e-21
926.300	2.2804e-21
926.400	2.2935e-21
926.500	2.3004e-21
926.600	2.3036e-21
926.700	2.2971e-21
926.800	2.2867e-21
926.900	2.2758e-21
927.000	2.2663e-21
927.100	2.2582e-21
927.200	2.2509e-21
927.300	2.2460e-21
927.400	2.2439e-21
927.500	2.2420e-21
927.600	2.2400e-21
927.700	2.2345e-21
927.800	2.2245e-21
927.900	2.2116e-21
928.000	2.2001e-21
928.100	2.1911e-21
928.200	2.1876e-21
928.300	2.1859e-21
928.400	2.1839e-21
928.500	2.1814e-21
928.600	2.1773e-21
928.700	2.1722e-21
928.800	2.1657e-21
928.900	2.1560e-21
929.000	2.1453e-21
929.100	2.1362e-21
929.200	2.1301e-21
929.300	2.1263e-21
929.400	2.1210e-21
929.500	2.1142e-21
929.600	2.1063e-21
929.700	2.0971e-21
929.800	2.0864e-21
929.900	2.0755e-21
930.000	2.0652e-21
930.100	2.0576e-21
930.200	2.0530e-21
930.300	2.0504e-21
930.400	2.0507e-21
930.500	2.0534e-21
930.600	2.0536e-21
930.700	2.0535e-21
930.800	2.0462e-21
930.900	2.0351e-21
931.000	2.0219e-21
931.100	2.0099e-21
931.200	2.0002e-21
931.300	1.9946e-21
931.400	1.9931e-21
931.500	1.9958e-21
931.600	1.9964e-21
931.700	1.9964e-21
931.800	1.9914e-21
931.900	1.9806e-21
932.000	1.9677e-21
932.100	1.9556e-21
932.200	1.9450e-21
932.300	1.9376e-21
932.400	1.9320e-21
932.500	1.9280e-21
932.600	1.9228e-21
932.700	1.9142e-21
932.800	1.9040e-21
932.900	1.8935e-21
933.000	1.8864e-21
933.100	1.8811e-21
933.200	1.8769e-21
933.300	1.8728e-21
933.400	1.8686e-21
933.500	1.8646e-21
933.600	1.8602e-21
933.700	1.8543e-21
933.800	1.8463e-21
933.900	1.8351e-21
934.000	1.8252e-21
934.100	1.8179e-21
934.200	1.8155e-21
934.300	1.8137e-21
934.400	1.8117e-21
934.500	1.8086e-21
934.600	1.8041e-21
934.700	1.8000e-21
934.800	1.7955e-21
934.900	1.7891e-21
935.000	1.7824e-21
935.100	1.7759e-21
935.200	1.7727e-21
935.300	1.7714e-21
935.400	1.7714e-21
935.500	1.7710e-21
935.600	1.7664e-21
935.700	1.7573e-21
935.800	1.7433e-21
935.900	1.7302e-21
936.000	1.7251e-21
936.100	1.7272e-21
936.200	1.7314e-21
936.300	1.7384e-21
936.400	1.7433e-21
936.500	1.7468e-21
936.600	1.7494e-21
936.700	1.7489e-21
936.800	1.7415e-21
936.900	1.7317e-21
937.000	1.7212e-21
937.100	1.7144e-21
937.200	1.7092e-21
937.300	1.7051e-21
937.400	1.7010e-21
937.500	1.6968e-21
937.600	1.6926e-21
937.700	1.6884e-21
937.800	1.6842e-21
937.900	1.6795e-21
938.000	1.6752e-21
938.100	1.6750e-21
938.200	1.6751e-21
938.300	1.6814e-21
938.400	1.6879e-21
938.500	1.6925e-21
938.600	1.6912e-21
938.700	1.6858e-21
938.800	1.6772e-21
938.900	1.6698e-21
939.000	1.6649e-21
939.100	1.6656e-21
939.200	1.6708e-21
939.300	1.6774e-21
939.400	1.6827e-21
939.500	1.6853e-21
939.600	1.6857e-21
939.700	1.6857e-21
939.800	1.6847e-21
939.900	1.6819e-21
940.000	1.6768e-21
940.100	1.6750e-21
940.200	1.6750e-21
940.300	1.6783e-21
940.400	1.6888e-21
940.500	1.7001e-21
940.600	1.7086e-21
940.700	1.7136e-21
940.800	1.7138e-21
940.900	1.7112e-21
941.000	1.7066e-21
941.100	1.7036e-21
941.200	1.7036e-21
941.300	1.7047e-21
941.400	1.7122e-21
941.500	1.7203e-21
941.600	1.7288e-21
941.700	1.7367e-21
941.800	1.7393e-21
941.900	1.7393e-21
942.000	1.7372e-21
942.100	1.7322e-21
942.200	1.7321e-21
942.300	1.7324e-21
942.400	1.7371e-21
942.500	1.7407e-21
942.600	1.7428e-21
942.700	1.7418e-21
942.800	1.7390e-21
942.900	1.7338e-21
943.000	1.7321e-21
943.100	1.7321e-21
943.200	1.7357e-21
943.300	1.7463e-21
943.400	1.7582e-21
943.500	1.7652e-21
943.600	1.7676e-21
943.700	1.7659e-21
943.800	1.7608e-21
943.900	1.7607e-21
944.000	1.7608e-21
944.100	1.7651e-21
944.200	1.7698e-21
944.300	1.7740e-21
944.400	1.7785e-21
944.500	1.7823e-21
944.600	1.7850e-21
944.700	1.7855e-21
944.800	1.7831e-21
944.900	1.7795e-21
945.000	1.7752e-21
945.100	1.7724e-21
945.200	1.7717e-21
945.300	1.7759e-21
945.400	1.7827e-21
945.500	1.7918e-21
945.600	1.7975e-21
945.700	1.7999e-21
945.800	1.7961e-21
945.900	1.7897e-21
946.000	1.7805e-21
946.100	1.7745e-21
946.200	1.7714e-21
946.300	1.7747e-21
946.400	1.7808e-21
946.500	1.7901e-21
946.600	1.7964e-21
946.700	1.8000e-21
946.800	1.7987e-21
946.900	1.7958e-21
947.000	1.7912e-21
947.100	1.7878e-21
947.200	1.7858e-21
947.300	1.7857e-21
947.400	1.7857e-21
947.500	1.7839e-21
947.600	1.7808e-21
947.700	1.7764e-21
947.800	1.7721e-21
947.900	1.7679e-21
948.000	1.7627e-21
948.100	1.7607e-21
948.200	1.7607e-21
948.300	1.7621e-21
948.400	1.7673e-21
948.500	1.7718e-21
948.600	1.7755e-21
948.700	1.7780e-21
948.800	1.7777e-21
948.900	1.7726e-21
949.000	1.7675e-21
949.100	1.7643e-21
949.200	1.7681e-21
949.300	1.7731e-21
949.400	1.7780e-21
949.500	1.7777e-21
949.600	1.7751e-21
949.700	1.7730e-21
949.800	1.7709e-21
949.900	1.7688e-21
950.000	1.7665e-21
950.100	1.7644e-21
950.200	1.7653e-21
950.300	1.7683e-21
950.400	1.7743e-21
950.500	1.7822e-21
950.600	1.7914e-21
950.700	1.7950e-21
950.800	1.7964e-21
950.900	1.7941e-21
951.000	1.7931e-21
951.100	1.7955e-21
951.200	1.7976e-21
951.300	1.7997e-21
951.400	1.8032e-21
951.500	1.8084e-21
951.600	1.8176e-21
951.700	1.8243e-21
951.800	1.8284e-21
951.900	1.8275e-21
952.000	1.8247e-21
952.100	1.8196e-21
952.200	1.8179e-21
952.300	1.8179e-21
952.400	1.8206e-21
952.500	1.8284e-21
952.600	1.8362e-21
952.700	1.8393e-21
952.800	1.8393e-21
952.900	1.8374e-21
953.000	1.8323e-21
953.100	1.8321e-21
953.200	1.8323e-21
953.300	1.8387e-21
953.400	1.8463e-21
953.500	1.8531e-21
953.600	1.8536e-21
953.700	1.8536e-21
953.800	1.8512e-21
953.900	1.8502e-21
954.000	1.8525e-21
954.100	1.8567e-21
954.200	1.8638e-21
954.300	1.8722e-21
954.400	1.8802e-21
954.500	1.8867e-21
954.600	1.8922e-21
954.700	1.8963e-21
954.800	1.8964e-21
954.900	1.8963e-21
955.000	1.8912e-21
955.100	1.8895e-21
955.200	1.8919e-21
955.300	1.8996e-21
955.400	1.9144e-21
955.500	1.9291e-21
955.600	1.9367e-21
955.700	1.9390e-21
955.800	1.9376e-21
955.900	1.9325e-21
956.000	1.9297e-21
956.100	1.9287e-21
956.200	1.9326e-21
956.300	1.9402e-21
956.400	1.9541e-21
956.500	1.9691e-21
956.600	1.9830e-21
956.700	1.9936e-21
956.800	1.9964e-21
956.900	1.9964e-21
957.000	1.9940e-21
957.100	1.9893e-21
957.200	1.9893e-21
957.300	1.9896e-21
957.400	1.9946e-21
957.500	1.9980e-21
957.600	2.0000e-21
957.700	2.0000e-21
957.800	2.0000e-21
957.900	2.0000e-21
958.000	2.0003e-21
958.100	2.0027e-21
958.200	2.0083e-21
958.300	2.0183e-21
958.400	2.0312e-21
958.500	2.0429e-21
958.600	2.0525e-21
958.700	2.0536e-21
958.800	2.0536e-21
958.900	2.0515e-21
959.000	2.0501e-21
959.100	2.0521e-21
959.200	2.0558e-21
959.300	2.0628e-21
959.400	2.0736e-21
959.500	2.0872e-21
959.600	2.1020e-21
959.700	2.1085e-21
959.800	2.1106e-21
959.900	2.1094e-21
960.000	2.1071e-21
960.100	2.1117e-21
960.200	2.1210e-21
960.300	2.1364e-21
960.400	2.1519e-21
960.500	2.1665e-21
960.600	2.1785e-21
960.700	2.1868e-21
960.800	2.1919e-21
960.900	2.1922e-21
961.000	2.1895e-21
961.100	2.1911e-21
961.200	2.1969e-21
961.300	2.2107e-21
961.400	2.2274e-21
961.500	2.2443e-21
961.600	2.2620e-21
961.700	2.2781e-21
961.800	2.2891e-21
961.900	2.2926e-21
962.000	2.2899e-21
962.100	2.2897e-21
962.200	2.2923e-21
962.300	2.3014e-21
962.400	2.3163e-21
962.500	2.3320e-21
962.600	2.3438e-21
962.700	2.3520e-21
962.800	2.3568e-21
962.900	2.3609e-21
963.000	2.3666e-21
963.100	2.3742e-21
963.200	2.3848e-21
963.300	2.3976e-21
963.400	2.4130e-21
963.500	2.4315e-21
963.600	2.4503e-21
963.700	2.4675e-21
963.800	2.4817e-21
963.900	2.4938e-21
964.000	2.5089e-21
964.100	2.5271e-21
964.200	2.5495e-21
964.300	2.5746e-21
964.400	2.6022e-21
964.500	2.6286e-21
964.600	2.6604e-21
964.700	2.7478e-21
964.800	2.8084e-21
964.900	2.8340e-21
965.000	2.8548e-21
965.100	2.8716e-21
965.200	2.8851e-21
965.300	2.8961e-21
965.400	2.9054e-21
965.500	2.9139e-21
965.600	2.9221e-21
965.700	2.9311e-21
965.800	2.9414e-21
965.900	2.9540e-21
966.000	2.9695e-21
966.100	2.9888e-21
966.200	3.0223e-21
966.300	3.0570e-21
966.400	3.0449e-21
966.500	3.0297e-21
966.600	3.0220e-21
966.700	3.0109e-21
966.800	2.9952e-21
966.900	2.9805e-21
967.000	2.9658e-21
967.100	2.9509e-21
967.200	2.9364e-21
967.300	2.9231e-21
967.400	2.9192e-21
967.500	2.9179e-21
967.600	2.9225e-21
967.700	2.9250e-21
967.800	2.9250e-21
967.900	2.9229e-21
968.000	2.9179e-21
968.100	2.9190e-21
968.200	2.9225e-21
968.300	2.9334e-21
968.400	2.9449e-21
968.500	2.9555e-21
968.600	2.9628e-21
968.700	2.9683e-21
968.800	2.9726e-21
968.900	2.9766e-21
969.000	2.9806e-21
969.100	2.9868e-21
969.200	2.9963e-21
969.300	3.0123e-21
969.400	3.0296e-21
969.500	3.0453e-21
969.600	3.0542e-21
969.700	3.0599e-21
969.800	3.0673e-21
969.900	3.0769e-21
970.000	3.0913e-21
970.100	3.1081e-21
970.200	3.1273e-21
970.300	3.1492e-21
970.400	3.1728e-21
970.500	3.1968e-21
970.600	3.2174e-21
970.700	3.2341e-21
970.800	3.2478e-21
970.900	3.2600e-21
971.000	3.2738e-21
971.100	3.2901e-21
971.200	3.3110e-21
971.300	3.3347e-21
971.400	3.3604e-21
971.500	3.3830e-21
971.600	3.4023e-21
971.700	3.4184e-21
971.800	3.4288e-21
971.900	3.4353e-21
972.000	3.4357e-21
972.100	3.4357e-21
972.200	3.4406e-21
972.300	3.4496e-21
972.400	3.4633e-21
972.500	3.4746e-21
972.600	3.4821e-21
972.700	3.4808e-21
972.800	3.4778e-21
972.900	3.4726e-21
973.000	3.4727e-21
973.100	3.4803e-21
973.200	3.4920e-21
973.300	3.5088e-21
973.400	3.5295e-21
973.500	3.5514e-21
973.600	3.5731e-21
973.700	3.5880e-21
973.800	3.5998e-21
973.900	3.6117e-21
974.000	3.6258e-21
974.100	3.6448e-21
974.200	3.6660e-21
974.300	3.6896e-21
974.400	3.7158e-21
974.500	3.7440e-21
974.600	3.7733e-21
974.700	3.8027e-21
974.800	3.8320e-21
974.900	3.8623e-21
975.000	3.8947e-21
975.100	3.9313e-21
975.200	3.9717e-21
975.300	4.0161e-21
975.400	4.0618e-21
975.500	4.1081e-21
975.600	4.1529e-21
975.700	4.1955e-21
975.800	4.2349e-21
975.900	4.2752e-21
976.000	4.3173e-21
976.100	4.3653e-21
976.200	4.4173e-21
976.300	4.4718e-21
976.400	4.5266e-21
976.500	4.5813e-21
976.600	4.6351e-21
976.700	4.6864e-21
976.800	4.7328e-21
976.900	4.7714e-21
977.000	4.8014e-21
977.100	4.8360e-21
977.200	4.8774e-21
977.300	4.9358e-21
977.400	5.0018e-21
977.500	5.0648e-21
977.600	5.1455e-21
977.700	5.2376e-21
977.800	5.2661e-21
977.900	5.2860e-21
978.000	5.3014e-21
978.100	5.3131e-21
978.200	5.3220e-21
978.300	5.3289e-21
978.400	5.3348e-21
978.500	5.3406e-21
978.600	5.3471e-21
978.700	5.3552e-21
978.800	5.3659e-21
978.900	5.3800e-21
979.000	5.3984e-21
979.100	5.4232e-21
979.200	5.4912e-21
979.300	5.5520e-21
979.400	5.5970e-21
979.500	5.6396e-21
979.600	5.6684e-21
979.700	5.6767e-21
979.800	5.6762e-21
979.900	5.6525e-21
980.000	5.6241e-21
980.100	5.5943e-21
980.200	5.5754e-21
980.300	5.5615e-21
980.400	5.5518e-21
980.500	5.5390e-21
980.600	5.5215e-21
980.700	5.4980e-21
980.800	5.4674e-21
980.900	5.4259e-21
981.000	5.3814e-21
981.100	5.3363e-21
981.200	5.3017e-21
981.300	5.2712e-21
981.400	5.2374e-21
981.500	5.1973e-21
981.600	5.1462e-21
981.700	5.0934e-21
981.800	5.0382e-21
981.900	4.9843e-21
982.000	4.8991e-21
982.100	4.6509e-21
982.200	4.5378e-21
982.300	4.4833e-21
982.400	4.4377e-21
982.500	4.3999e-21
982.600	4.3689e-21
982.700	4.3438e-21
982.800	4.3234e-21
982.900	4.3069e-21
983.000	4.2932e-21
983.100	4.2812e-21
983.200	4.2700e-21
983.300	4.2586e-21
983.400	4.2460e-21
983.500	4.2311e-21
983.600	4.2130e-21
983.700	4.1906e-21
983.800	4.1630e-21
983.900	4.1290e-21
984.000	4.0878e-21
984.100	4.0384e-21
984.200	3.9792e-21
984.300	3.7700e-21
984.400	3.6220e-21
984.500	3.5738e-21
984.600	3.5266e-21
984.700	3.4816e-21
984.800	3.4423e-21
984.900	3.4064e-21
985.000	3.3730e-21
985.100	3.3394e-21
985.200	3.3058e-21
985.300	3.2751e-21
985.400	3.2470e-21
985.500	3.2217e-21
985.600	3.1969e-21
985.700	3.1717e-21
985.800	3.1469e-21
985.900	3.1214e-21
986.000	3.0924e-21
986.100	3.0624e-21
986.200	3.0319e-21
986.300	3.0087e-21
986.400	2.9910e-21
986.500	2.9780e-21
986.600	2.9652e-21
986.700	2.9491e-21
986.800	2.9288e-21
986.900	2.9029e-21
987.000	2.8678e-21
987.100	2.8340e-21
987.200	2.8145e-21
987.300	2.7993e-21
987.400	2.7843e-21
987.500	2.7661e-21
987.600	2.7471e-21
987.700	2.7306e-21
987.800	2.7130e-21
987.900	2.6922e-21
988.000	2.6691e-21
988.100	2.6434e-21
988.200	2.6128e-21
988.300	2.5814e-21
988.400	2.5526e-21
988.500	2.5309e-21
988.600	2.5150e-21
988.700	2.4988e-21
988.800	2.4815e-21
988.900	2.4591e-21
989.000	2.4347e-21
989.100	2.4092e-21
989.200	2.3848e-21
989.300	2.3622e-21
989.400	2.3445e-21
989.500	2.3288e-21
989.600	2.3146e-21
989.700	2.2980e-21
989.800	2.2786e-21
989.900	2.2599e-21
990.000	2.2407e-21
990.100	2.2201e-21
990.200	2.1979e-21
990.300	2.1741e-21
990.400	2.1553e-21
990.500	2.1394e-21
990.600	2.1248e-21
990.700	2.1096e-21
990.800	2.0927e-21
990.900	2.0760e-21
991.000	2.0592e-21
991.100	2.0407e-21
991.200	2.0216e-21
991.300	2.0025e-21
991.400	1.9846e-21
991.500	1.9681e-21
991.600	1.9514e-21
991.700	1.9346e-21
991.800	1.9183e-21
991.900	1.9002e-21
992.000	1.8791e-21
992.100	1.8551e-21
992.200	1.8296e-21
992.300	1.8073e-21
992.400	1.7887e-21
992.500	1.7745e-21
992.600	1.7592e-21
992.700	1.7422e-21
992.800	1.7219e-21
992.900	1.7008e-21
993.000	1.6820e-21
993.100	1.6632e-21
993.200	1.6443e-21
993.300	1.6251e-21
993.400	1.6067e-21
993.500	1.5918e-21
993.600	1.5775e-21
993.700	1.5631e-21
993.800	1.5462e-21
993.900	1.5267e-21
994.000	1.5058e-21
994.100	1.4850e-21
994.200	1.4654e-21
994.300	1.4499e-21
994.400	1.4377e-21
994.500	1.4291e-21
994.600	1.4203e-21
994.700	1.4063e-21
994.800	1.3893e-21
994.900	1.3697e-21
995.000	1.3537e-21
995.100	1.3395e-21
995.200	1.3248e-21
995.300	1.3101e-21
995.400	1.2954e-21
995.500	1.2809e-21
995.600	1.2662e-21
995.700	1.2493e-21
995.800	1.2332e-21
995.900	1.2197e-21
996.000	1.2108e-21
996.100	1.2050e-21
996.200	1.1991e-21
996.300	1.1924e-21
996.400	1.1824e-21
996.500	1.1708e-21
996.600	1.1580e-21
996.700	1.1454e-21
996.800	1.1328e-21
996.900	1.1202e-21
997.000	1.1076e-21
997.100	1.0944e-21
997.200	1.0840e-21
997.300	1.0760e-21
997.400	1.0714e-21
997.500	1.0672e-21
997.600	1.0611e-21
997.700	1.0538e-21
997.800	1.0452e-21
997.900	1.0366e-21
998.000	1.0284e-21
998.100	1.0212e-21
998.200	1.0170e-21
998.300	1.0150e-21
998.400	1.0132e-21
998.500	1.0110e-21
998.600	1.0043e-21
998.700	9.9443e-22
998.800	9.8362e-22
998.900	9.7423e-22
999.000	9.6611e-22
999.100	9.5619e-22
999.200	9.4544e-22
999.300	9.3467e-22
999.400	9.2509e-22
999.500	9.1688e-22
999.600	9.0854e-22
999.700	9.0015e-22
999.800	8.9177e-22
999.900	8.8334e-22
1000.000	8.7471e-22
1000.100	8.6719e-22
1000.200	8.6117e-22
1000.300	8.5882e-22
1000.400	8.5666e-22
1000.500	8.5287e-22
1000.600	8.4626e-22
1000.700	8.3481e-22
1000.800	8.2398e-22
1000.900	8.1378e-22
1001.000	8.0501e-22
1001.100	7.9742e-22
1001.200	7.9076e-22
1001.300	7.8735e-22
1001.400	7.8572e-22
1001.500	7.8571e-22
1001.600	7.8561e-22
1001.700	7.8357e-22
1001.800	7.7968e-22
1001.900	7.7266e-22
1002.000	7.6473e-22
1002.100	7.5606e-22
1002.200	7.4699e-22
1002.300	7.4042e-22
1002.400	7.3602e-22
1002.500	7.3571e-22
1002.600	7.3571e-22
1002.700	7.3250e-22
1002.800	7.2649e-22
1002.900	7.1750e-22
1003.000	7.0981e-22
1003.100	7.0391e-22
1003.200	7.0147e-22
1003.300	6.9960e-22
1003.400	6.9766e-22
1003.500	6.9479e-22
1003.600	6.9033e-22
1003.700	6.8477e-22
1003.800	6.7792e-22
1003.900	6.6892e-22
1004.000	6.6208e-22
1004.100	6.5753e-22
1004.200	6.5794e-22
1004.300	6.6065e-22
1004.400	6.6556e-22
1004.500	6.6786e-22
1004.600	6.6786e-22
1004.700	6.6654e-22
1004.800	6.6133e-22
1004.900	6.5727e-22
1005.000	6.5273e-22
1005.100	6.4643e-22
1005.200	6.3971e-22
1005.300	6.3313e-22
1005.400	6.3032e-22
1005.500	6.2847e-22
1005.600	6.2655e-22
1005.700	6.2379e-22
1005.800	6.1914e-22
1005.900	6.1603e-22
1006.000	6.1429e-22
1006.100	6.1429e-22
1006.200	6.1429e-22
1006.300	6.1429e-22
1006.400	6.1382e-22
1006.500	6.1126e-22
1006.600	6.0622e-22
1006.700	5.9922e-22
1006.800	5.9216e-22
1006.900	5.8800e-22
1007.000	5.8586e-22
1007.100	5.8571e-22
1007.200	5.8571e-22
1007.300	5.8571e-22
1007.400	5.8556e-22
1007.500	5.8342e-22
1007.600	5.7850e-22
1007.700	5.6884e-22
1007.800	5.5769e-22
1007.900	5.4884e-22
1008.000	5.4376e-22
1008.100	5.4329e-22
1008.200	5.4581e-22
1008.300	5.5022e-22
1008.400	5.5357e-22
1008.500	5.5357e-22
1008.600	5.5295e-22
1008.700	5.4801e-22
1008.800	5.4361e-22
1008.900	5.3942e-22
1009.000	5.3489e-22
1009.100	5.3138e-22
1009.200	5.2893e-22
1009.300	5.2913e-22
1009.400	5.3174e-22
1009.500	5.3574e-22
1009.600	5.3972e-22
1009.700	5.4232e-22
1009.800	5.4249e-22
1009.900	5.4002e-22
1010.000	5.3623e-22
1010.100	5.3203e-22
1010.200	5.2933e-22
1010.300	5.2857e-22
1010.400	5.2857e-22
1010.500	5.2857e-22
1010.600	5.2857e-22
1010.700	5.2727e-22
1010.800	5.2411e-22
1010.900	5.1760e-22
1011.000	5.1066e-22
1011.100	5.0426e-22
1011.200	5.0120e-22
1011.300	5.0000e-22
1011.400	5.0000e-22
1011.500	5.0000e-22
1011.600	5.0000e-22
1011.700	5.0000e-22
1011.800	5.0000e-22
1011.900	5.0000e-22
1012.000	5.0000e-22
1012.100	5.0000e-22
1012.200	5.0000e-22
1012.300	5.0000e-22
1012.400	5.0000e-22
1012.500	4.9994e-22
1012.600	4.9801e-22
1012.700	4.9417e-22
1012.800	4.8719e-22
1012.900	4.8021e-22
1013.000	4.7477e-22
1013.100	4.7207e-22
1013.200	4.7143e-22
1013.300	4.7143e-22
1013.400	4.7143e-22
1013.500	4.7143e-22
1013.600	4.7004e-22
1013.700	4.6682e-22
1013.800	4.6021e-22
1013.900	4.5327e-22
1014.000	4.4698e-22
1014.100	4.4398e-22
1014.200	4.4290e-22
1014.300	4.4483e-22
1014.400	4.4830e-22
1014.500	4.5321e-22
1014.600	4.5357e-22
1014.700	4.5356e-22
1014.800	4.4829e-22
1014.900	4.4028e-22
1015.000	4.3150e-22
1015.100	4.2394e-22
1015.200	4.1812e-22
1015.300	4.1524e-22
1015.400	4.1438e-22
1015.500	4.1646e-22
1015.600	4.2012e-22
1015.700	4.2481e-22
1015.800	4.2500e-22
1015.900	4.2494e-22
1016.000	4.2057e-22
1016.100	4.1669e-22
1016.200	4.1446e-22
1016.300	4.1429e-22
1016.400	4.1429e-22
1016.500	4.1281e-22
1016.600	4.0951e-22
1016.700	4.0283e-22
1016.800	3.9589e-22
1016.900	3.8970e-22
1017.000	3.8676e-22
1017.100	3.8571e-22
1017.200	3.8571e-22
1017.300	3.8571e-22
1017.400	3.8571e-22
1017.500	3.8478e-22
1017.600	3.8191e-22
1017.700	3.7589e-22
1017.800	3.6895e-22
1017.900	3.6217e-22
1018.000	3.5874e-22
1018.100	3.5715e-22
1018.200	3.5714e-22
1018.300	3.5714e-22
1018.400	3.5714e-22
1018.500	3.5714e-22
1018.600	3.5714e-22
1018.700	3.5714e-22
1018.800	3.5711e-22
1018.900	3.5528e-22
1019.000	3.5159e-22
1019.100	3.4465e-22
1019.200	3.3769e-22
1019.300	3.3205e-22
1019.400	3.2930e-22
1019.500	3.2857e-22
1019.600	3.2857e-22
1019.700	3.2790e-22
1019.800	3.2523e-22
1019.900	3.2111e-22
1020.000	3.1725e-22
1020.100	3.1472e-22
1020.200	3.1429e-22
1020.300	3.1429e-22
1020.400	3.1536e-22
1020.500	3.1818e-22
1020.600	3.2334e-22
1020.700	3.2500e-22
1020.800	3.2500e-22
1020.900	3.2312e-22
1021.000	3.1790e-22
1021.100	3.1371e-22
1021.200	3.0946e-22
1021.300	3.0499e-22
1021.400	3.0190e-22
1021.500	3.0003e-22
1021.600	3.0000e-22
1021.700	2.9995e-22
1021.800	2.9804e-22
1021.900	2.9425e-22
1022.000	2.8727e-22
1022.100	2.8030e-22
1022.200	2.7481e-22
1022.300	2.7209e-22
1022.400	2.7143e-22
1022.500	2.7143e-22
1022.600	2.7143e-22
1022.700	2.7143e-22
1022.800	2.7143e-22
1022.900	2.7143e-22
1023.000	2.7143e-22
1023.100	2.7143e-22
1023.200	2.7143e-22
1023.300	2.7143e-22
1023.400	2.7143e-22
1023.500	2.7143e-22
1023.600	2.7143e-22
1023.700	2.7143e-22
1023.800	2.7143e-22
1023.900	2.7143e-22
1024.000	2.7143e-22
1024.100	2.7143e-22
1024.200	2.7143e-22
1024.300	2.7082e-22
1024.400	2.6814e-22
1024.500	2.6275e-22
1024.600	2.5577e-22
1024.700	2.4877e-22
1024.800	2.4489e-22
1024.900	2.4293e-22
1025.000	2.4286e-22
1025.100	2.4286e-22
1025.200	2.4286e-22
1025.300	2.4314e-22
1025.400	2.4553e-22
1025.500	2.4920e-22
1025.600	2.5352e-22
1025.700	2.5626e-22
1025.800	2.5699e-22
1025.900	2.5480e-22
1026.000	2.5133e-22
1026.100	2.4683e-22
1026.200	2.4400e-22
1026.300	2.4286e-22
1026.400	2.4286e-22
1026.500	2.4286e-22
1026.600	2.4286e-22
1026.700	2.4286e-22
1026.800	2.4285e-22
1026.900	2.4114e-22
1027.000	2.3804e-22
1027.100	2.3339e-22
1027.200	2.3061e-22
1027.300	2.2869e-22
1027.400	2.2676e-22
1027.500	2.2420e-22
1027.600	2.1959e-22
1027.700	2.1632e-22
1027.800	2.1434e-22
1027.900	2.1429e-22
1028.000	2.1429e-22
1028.100	2.1429e-22
1028.200	2.1429e-22
1028.300	2.1429e-22
1028.400	2.1511e-22
1028.500	2.1791e-22
1028.600	2.2403e-22
1028.700	2.3025e-22
1028.800	2.3510e-22
1028.900	2.3434e-22
1029.000	2.2907e-22
1029.100	2.2243e-22
1029.200	2.1727e-22
1029.300	2.1523e-22
1029.400	2.1332e-22
1029.500	2.1126e-22
1029.600	2.0771e-22
1029.700	2.0319e-22
1029.800	1.9866e-22
1029.900	1.9532e-22
1030.000	1.9305e-22
1030.100	1.9365e-22
1030.200	1.9636e-22
1030.300	2.0027e-22
1030.400	2.0477e-22
1030.500	2.0924e-22
1030.600	2.1235e-22
1030.700	2.1425e-22
1030.800	2.1429e-22
1030.900	2.1424e-22
1031.000	2.1236e-22
1031.100	2.0850e-22
1031.200	2.0142e-22
1031.300	1.9587e-22
1031.400	1.9287e-22
1031.500	1.9660e-22
1031.600	2.0168e-22
1031.700	2.0658e-22
1031.800	2.0643e-22
1031.900	2.0375e-22
1032.000	1.9991e-22
1032.100	1.9541e-22
1032.200	1.9091e-22
1032.300	1.8776e-22
1032.400	1.8577e-22
1032.500	1.8571e-22
1032.600	1.8571e-22
1032.700	1.8571e-22
1032.800	1.8571e-22
1032.900	1.8571e-22
1033.000	1.8571e-22
1033.100	1.8571e-22
1033.200	1.8571e-22
1033.300	1.8571e-22
1033.400	1.8571e-22
1033.500	1.8571e-22
1033.600	1.8571e-22
1033.700	1.8571e-22
1033.800	1.8564e-22
1033.900	1.8361e-22
1034.000	1.8030e-22
1034.100	1.7570e-22
1034.200	1.7278e-22
1034.300	1.7143e-22
1034.400	1.7143e-22
1034.500	1.7143e-22
1034.600	1.7143e-22
1034.700	1.7143e-22
1034.800	1.7143e-22
1034.900	1.6994e-22
1035.000	1.6696e-22
1035.100	1.6233e-22
1035.200	1.5910e-22
1035.300	1.5718e-22
1035.400	1.5714e-22
1035.500	1.5714e-22
1035.600	1.5714e-22
1035.700	1.5714e-22
1035.800	1.5714e-22
1035.900	1.5714e-22
1036.000	1.5714e-22
1036.100	1.5546e-22
1036.200	1.5238e-22
1036.300	1.4773e-22
1036.400	1.4461e-22
1036.500	1.4287e-22
1036.600	1.4286e-22
1036.700	1.4286e-22
1036.800	1.4286e-22
1036.900	1.4286e-22
1037.000	1.4286e-22
1037.100	1.4216e-22
1037.200	1.4131e-22
1037.300	1.4047e-22
1037.400	1.3963e-22
1037.500	1.3880e-22
1037.600	1.3797e-22
1037.700	1.3715e-22
1037.800	1.3633e-22
1037.900	1.3552e-22
1038.000	1.3471e-22
1038.100	1.3391e-22
1038.200	1.3311e-22
1038.300	1.3232e-22
1038.400	1.3153e-22
1038.500	1.3074e-22
1038.600	1.2997e-22
1038.700	1.2919e-22
1038.800	1.2842e-22
1038.900	1.2765e-22
1039.000	1.2689e-22
1039.100	1.2614e-22
1039.200	1.2539e-22
1039.300	1.2464e-22
1039.400	1.2390e-22
1039.500	1.2316e-22
1039.600	1.2242e-22
1039.700	1.2169e-22
1039.800	1.2097e-22
1039.900	1.2025e-22
1040.000	1.1953e-22
1040.100	1.1882e-22
1040.200	1.1811e-22
1040.300	1.1740e-22
1040.400	1.1670e-22
1040.500	1.1601e-22
1040.600	1.1532e-22
1040.700	1.1463e-22
1040.800	1.1395e-22
1040.900	1.1327e-22
1041.000	1.1259e-22
1041.100	1.1192e-22
1041.200	1.1125e-22
1041.300	1.1059e-22
1041.400	1.0993e-22
1041.500	1.0928e-22
1041.600	1.0863e-22
1041.700	1.0798e-22
1041.800	1.0733e-22
1041.900	1.0669e-22
1042.000	1.0606e-22
1042.100	1.0543e-22
1042.200	1.0480e-22
1042.300	1.0417e-22
1042.400	1.0355e-22
1042.500	1.0293e-22
1042.600	1.0232e-22
1042.700	1.0171e-22
1042.800	1.0110e-22
1042.900	1.0050e-22
1043.000	9.9903e-23
1043.100	9.9307e-23
1043.200	9.8715e-23
1043.300	9.8127e-23
1043.400	9.7542e-23
1043.500	9.6961e-23
1043.600	9.6383e-23
1043.700	9.5808e-23
1043.800	9.5237e-23
1043.900	9.4669e-23
1044.000	9.4105e-23
1044.100	9.3544e-23
1044.200	9.2986e-23
1044.300	9.2432e-23
1044.400	9.1881e-23
1044.500	9.1333e-23
1044.600	9.0789e-23
1044.700	9.0248e-23
1044.800	8.9710e-23
1044.900	8.9175e-23
1045.000	8.8643e-23
1045.100	8.8115e-23
1045.200	8.7590e-23
1045.300	8.7068e-23
1045.400	8.6549e-23
1045.500	8.6033e-23
1045.600	8.5520e-23
1045.700	8.5010e-23
1045.800	8.4503e-23
1045.900	8.4000e-23
1046.000	8.3499e-23
1046.100	8.3001e-23
1046.200	8.2506e-23
1046.300	8.2015e-23
1046.400	8.1526e-23
1046.500	8.1040e-23
1046.600	8.0557e-23
1046.700	8.0076e-23
1046.800	7.9599e-23
1046.900	7.9125e-23
1047.000	7.8653e-23
1047.100	7.8184e-23
1047.200	7.7718e-23
1047.300	7.7255e-23
1047.400	7.6794e-23
1047.500	7.6337e-23
1047.600	7.5881e-23
1047.700	7.5429e-23
1047.800	7.4980e-23
1047.900	7.4533e-23
1048.000	7.4088e-23
1048.100	7.3647e-23
1048.200	7.3208e-23
1048.300	7.2771e-23
1048.400	7.2337e-23
1048.500	7.1906e-23
1048.600	7.1478e-23
1048.700	7.1052e-23
1048.800	7.0628e-23
1048.900	7.0207e-23
1049.000	6.9788e-23
1049.100	6.9372e-23
1049.200	6.8959e-23
1049.300	6.8548e-23
1049.400	6.8139e-23
1049.500	6.7733e-23
1049.600	6.7329e-23
1049.700	6.6928e-23
1049.800	6.6529e-23
1049.900	6.6132e-23
1050.000	6.5738e-23
1050.100	6.5346e-23
1050.200	6.4957e-23
1050.300	6.4570e-23
1050.400	6.4185e-23
1050.500	6.3802e-23
1050.600	6.3422e-23
1050.700	6.3044e-23
1050.800	6.2668e-23
1050.900	6.2294e-23
1051.000	6.1923e-23
1051.100	6.1554e-23
1051.200	6.1187e-23
1051.300	6.0822e-23
1051.400	6.0460e-23
1051.500	6.0099e-23
1051.600	5.9741e-23
1051.700	5.9385e-23
1051.800	5.9031e-23
1051.900	5.8679e-23
1052.000	5.8329e-23
1052.100	5.7982e-23
1052.200	5.7636e-23
1052.300	5.7292e-23
1052.400	5.6951e-23
1052.500	5.6611e-23
1052.600	5.6274e-23
1052.700	5.5939e-23
1052.800	5.5605e-23
1052.900	5.5274e-23
1053.000	5.4944e-23
1053.100	5.4617e-23
1053.200	5.4291e-23
1053.300	5.3967e-23
1053.400	5.3646e-23
1053.500	5.3326e-23
1053.600	5.3008e-23
1053.700	5.2692e-23
1053.800	5.2378e-23
1053.900	5.2066e-23
1054.000	5.1755e-23
1054.100	5.1447e-23
1054.200	5.1140e-23
1054.300	5.0835e-23
1054.400	5.0532e-23
1054.500	5.0231e-23
1054.600	4.9932e-23
1054.700	4.9634e-23
1054.800	4.9338e-23
1054.900	4.9044e-23
1055.000	4.8752e-23
1055.100	4.8461e-23
1055.200	4.8172e-23
1055.300	4.7885e-23
1055.400	4.7600e-23
1055.500	4.7316e-23
1055.600	4.7034e-23
1055.700	4.6753e-23
1055.800	4.6475e-23
1055.900	4.6198e-23
1056.000	4.5922e-23
1056.100	4.5649e-23
1056.200	4.5376e-23
1056.300	4.5106e-23
1056.400	4.4837e-23
1056.500	4.4570e-23
1056.600	4.4304e-23
1056.700	4.4040e-23
1056.800	4.3778e-23
1056.900	4.3517e-23
1057.000	4.3257e-23
1057.100	4.2999e-23
1057.200	4.2743e-23
1057.300	4.2488e-23
1057.400	4.2235e-23
1057.500	4.1983e-23
1057.600	4.1733e-23
1057.700	4.1484e-23
1057.800	4.1237e-23
1057.900	4.0991e-23
1058.000	4.0747e-23
1058.100	4.0504e-23
1058.200	4.0262e-23
1058.300	4.0022e-23
1058.400	3.9784e-23
1058.500	3.9547e-23
1058.600	3.9311e-23
1058.700	3.9077e-23
1058.800	3.8844e-23
1058.900	3.8612e-23
1059.000	3.8382e-23
1059.100	3.8153e-23
1059.200	3.7926e-23
1059.300	3.7700e-23
1059.400	3.7475e-23
1059.500	3.7252e-23
1059.600	3.7029e-23
1059.700	3.6809e-23
1059.800	3.6589e-23
1059.900	3.6371e-23
1060.000	3.6154e-23
1060.100	3.5939e-23
1060.200	3.5725e-23
1060.300	3.5512e-23
1060.400	3.5300e-23
1060.500	3.5090e-23
1060.600	3.4880e-23
1060.700	3.4673e-23
1060.800	3.4466e-23
1060.900	3.4260e-23
1061.000	3.4056e-23
1061.100	3.3853e-23
1061.200	3.3651e-23
1061.300	3.3451e-23
1061.400	3.3251e-23
1061.500	3.3053e-23
1061.600	3.2856e-23
1061.700	3.2660e-23
1061.800	3.2466e-23
1061.900	3.2272e-23
1062.000	3.2080e-23
1062.100	3.1888e-23
1062.200	3.1698e-23
1062.300	3.1509e-23
1062.400	3.1322e-23
1062.500	3.1135e-23
1062.600	3.0949e-23
1062.700	3.0765e-23
1062.800	3.0581e-23
1062.900	3.0399e-23
1063.000	3.0218e-23
1063.100	3.0038e-23
1063.200	2.9859e-23
1063.300	2.9681e-23
1063.400	2.9504e-23
1063.500	2.9328e-23
1063.600	2.9153e-23
1063.700	2.8979e-23
1063.800	2.8807e-23
1063.900	2.8635e-23
1064.000	2.8464e-23
1064.100	2.8294e-23
1064.200	2.8126e-23
1064.300	2.7958e-23
1064.400	2.7792e-23
1064.500	2.7626e-23
1064.600	2.7461e-23
1064.700	2.7297e-23
1064.800	2.7135e-23
1064.900	2.6973e-23
1065.000	2.6812e-23
1065.100	2.6652e-23
1065.200	2.6494e-23
1065.300	2.6336e-23
1065.400	2.6179e-23
1065.500	2.6023e-23
1065.600	2.5867e-23
1065.700	2.5713e-23
1065.800	2.5560e-23
1065.900	2.5408e-23
1066.000	2.5256e-23
1066.100	2.5106e-23
1066.200	2.4956e-23
1066.300	2.4807e-23
1066.400	2.4659e-23
1066.500	2.4512e-23
1066.600	2.4366e-23
1066.700	2.4221e-23
1066.800	2.4077e-23
1066.900	2.3933e-23
1067.000	2.3790e-23
1067.100	2.3649e-23
1067.200	2.3508e-23
1067.300	2.3367e-23
1067.400	2.3228e-23
1067.500	2.3090e-23
1067.600	2.2952e-23
1067.700	2.2815e-23
1067.800	2.2679e-23
1067.900	2.2544e-23
1068.000	2.2410e-23
1068.100	2.2276e-23
1068.200	2.2143e-23
1068.300	2.2011e-23
1068.400	2.1880e-23
1068.500	2.1750e-23
1068.600	2.1620e-23
1068.700	2.1491e-23
1068.800	2.1363e-23
1068.900	2.1236e-23
1069.000	2.1109e-23
1069.100	2.0983e-23
1069.200	2.0858e-23
1069.300	2.0734e-23
1069.400	2.0610e-23
1069.500	2.0487e-23
1069.600	2.0365e-23
1069.700	2.0244e-23
1069.800	2.0123e-23
1069.900	2.0003e-23
1070.000	1.9884e-23
1070.100	1.9766e-23
1070.200	1.9648e-23
1070.300	1.9531e-23
1070.400	1.9414e-23
1070.500	1.9298e-23
1070.600	1.9183e-23
1070.700	1.9069e-23
1070.800	1.8955e-23
1070.900	1.8842e-23
1071.000	1.8730e-23
1071.100	1.8618e-23
1071.200	1.8507e-23
1071.300	1.8397e-23
1071.400	1.8287e-23
1071.500	1.8178e-23
1071.600	1.8070e-23
1071.700	1.7962e-23
1071.800	1.7855e-23
1071.900	1.7749e-23
1072.000	1.7643e-23
1072.100	1.7538e-23
1072.200	1.7433e-23
1072.300	1.7329e-23
1072.400	1.7226e-23
1072.500	1.7123e-23
1072.600	1.7021e-23
1072.700	1.6920e-23
1072.800	1.6819e-23
1072.900	1.6719e-23
1073.000	1.6619e-23
1073.100	1.6520e-23
1073.200	1.6422e-23
1073.300	1.6324e-23
1073.400	1.6226e-23
1073.500	1.6130e-23
1073.600	1.6033e-23
1073.700	1.5938e-23
1073.800	1.5843e-23
1073.900	1.5748e-23
1074.000	1.5655e-23
1074.100	1.5561e-23
1074.200	1.5469e-23
1074.300	1.5376e-23
1074.400	1.5285e-23
1074.500	1.5194e-23
1074.600	1.5103e-23
1074.700	1.5013e-23
1074.800	1.4923e-23
1074.900	1.4834e-23
1075.000	1.4746e-23
1075.100	1.4658e-23
1075.200	1.4571e-23
1075.300	1.4484e-23
1075.400	1.4398e-23
1075.500	1.4312e-23
1075.600	1.4226e-23
1075.700	1.4142e-23
1075.800	1.4057e-23
1075.900	1.3974e-23
1076.000	1.3890e-23
1076.100	1.3807e-23
1076.200	1.3725e-23
1076.300	1.3643e-23
1076.400	1.3562e-23
1076.500	1.3481e-23
1076.600	1.3401e-23
1076.700	1.3321e-23
1076.800	1.3242e-23
1076.900	1.3163e-23
1077.000	1.3084e-23
1077.100	1.3006e-23
1077.200	1.2929e-23
1077.300	1.2852e-23
1077.400	1.2775e-23
1077.500	1.2699e-23
1077.600	1.2623e-23
1077.700	1.2548e-23
1077.800	1.2473e-23
1077.900	1.2399e-23
1078.000	1.2325e-23
1078.100	1.2251e-23
1078.200	1.2178e-23
1078.300	1.2106e-23
1078.400	1.2034e-23
1078.500	1.1962e-23
1078.600	1.1890e-23
1078.700	1.1820e-23
1078.800	1.1749e-23
1078.900	1.1679e-23
1079.000	1.1609e-23
1079.100	1.1540e-23
1079.200	1.1471e-23
1079.300	1.1403e-23
1079.400	1.1335e-23
1079.500	1.1268e-23
1079.600	1.1200e-23
1079.700	1.1134e-23
1079.800	1.1067e-23
1079.900	1.1001e-23
1080.000	1.0936e-23
1080.100	1.0871e-23
1080.200	1.0806e-23
1080.300	1.0741e-23
1080.400	1.0677e-23
1080.500	1.0614e-23
1080.600	1.0550e-23
1080.700	1.0487e-23
1080.800	1.0425e-23
1080.900	1.0363e-23
1081.000	1.0301e-23
1081.100	1.0240e-23
1081.200	1.0179e-23
1081.300	1.0118e-23
1081.400	1.0058e-23
1081.500	9.9977e-24
1081.600	9.9381e-24
1081.700	9.8788e-24
1081.800	9.8200e-24
1081.900	9.7614e-24
1082.000	9.7032e-24
1082.100	9.6454e-24
1082.200	9.5879e-24
1082.300	9.5307e-24
1082.400	9.4739e-24
1082.500	9.4175e-24
1082.600	9.3613e-24
1082.700	9.3055e-24
1082.800	9.2500e-24
1082.900	9.1949e-24
1083.000	9.1401e-24
1083.100	9.0856e-24
1083.200	9.0314e-24
1083.300	8.9776e-24
1083.400	8.9241e-24
1083.500	8.8709e-24
1083.600	8.8180e-24
1083.700	8.7655e-24
1083.800	8.7132e-24
1083.900	8.6613e-24
1084.000	8.6096e-24
1084.100	8.5583e-24
1084.200	8.5073e-24
1084.300	8.4566e-24
1084.400	8.4062e-24
1084.500	8.3561e-24
1084.600	8.3063e-24
1084.700	8.2567e-24
1084.800	8.2075e-24
1084.900	8.1586e-24
1085.000	8.1100e-24
1085.100	8.0616e-24
1085.200	8.0136e-24
1085.300	7.9658e-24
1085.400	7.9183e-24
1085.500	7.8711e-24
1085.600	7.8242e-24
1085.700	7.7776e-24
1085.800	7.7312e-24
1085.900	7.6851e-24
1086.000	7.6393e-24
1086.100	7.5938e-24
1086.200	7.5485e-24
1086.300	7.5035e-24
1086.400	7.4588e-24
1086.500	7.4143e-24
1086.600	7.3701e-24
1086.700	7.3262e-24
1086.800	7.2825e-24
1086.900	7.2391e-24
1087.000	7.1959e-24
1087.100	7.1531e-24
1087.200	7.1104e-24
1087.300	7.0680e-24
1087.400	7.0259e-24
1087.500	6.9840e-24
1087.600	6.9424e-24
1087.700	6.9010e-24
1087.800	6.8599e-24
1087.900	6.8190e-24
1088.000	6.7783e-24
1088.100	6.7379e-24
1088.200	6.6978e-24
1088.300	6.6578e-24
1088.400	6.6181e-24
1088.500	6.5787e-24
1088.600	6.5395e-24
1088.700	6.5005e-24
1088.800	6.4617e-24
1088.900	6.4232e-24
1089.000	6.3849e-24
1089.100	6.3469e-24
1089.200	6.3090e-24
1089.300	6.2714e-24
1089.400	6.2340e-24
1089.500	6.1969e-24
1089.600	6.1599e-24
1089.700	6.1232e-24
1089.800	6.0867e-24
1089.900	6.0504e-24
1090.000	6.0144e-24
1090.100	5.9785e-24
1090.200	5.9429e-24
1090.300	5.9075e-24
1090.400	5.8723e-24
1090.500	5.8372e-24
1090.600	5.8024e-24
1090.700	5.7679e-24
1090.800	5.7335e-24
1090.900	5.6993e-24
1091.000	5.6653e-24
1091.100	5.6316e-24
1091.200	5.5980e-24
1091.300	5.5646e-24
1091.400	5.5314e-24
1091.500	5.4985e-24
1091.600	5.4657e-24
1091.700	5.4331e-24
1091.800	5.4007e-24
1091.900	5.3685e-24
1092.000	5.3365e-24
1092.100	5.3047e-24
1092.200	5.2731e-24
1092.300	5.2417e-24
1092.400	5.2104e-24
1092.500	5.1794e-24
1092.600	5.1485e-24
1092.700	5.1178e-24
1092.800	5.0873e-24
1092.900	5.0570e-24
1093.000	5.0268e-24
1093.100	4.9969e-24
1093.200	4.9671e-24
1093.300	4.9375e-24
1093.400	4.9080e-24
1093.500	4.8788e-24
1093.600	4.8497e-24
1093.700	4.8208e-24
1093.800	4.7920e-24
1093.900	4.7635e-24
1094.000	4.7351e-24
1094.100	4.7069e-24
1094.200	4.6788e-24
1094.300	4.6509e-24
1094.400	4.6232e-24
1094.500	4.5956e-24
1094.600	4.5682e-24
1094.700	4.5410e-24
1094.800	4.5139e-24
1094.900	4.4870e-24
1095.000	4.4603e-24
1095.100	4.4337e-24
1095.200	4.4073e-24
1095.300	4.3810e-24
1095.400	4.3549e-24
1095.500	4.3289e-24
1095.600	4.3031e-24
1095.700	4.2775e-24
1095.800	4.2520e-24
1095.900	4.2266e-24
1096.000	4.2014e-24
1096.100	4.1764e-24
1096.200	4.1515e-24
1096.300	4.1267e-24
1096.400	4.1021e-24
1096.500	4.0777e-24
1096.600	4.0534e-24
1096.700	4.0292e-24
1096.800	4.0052e-24
1096.900	3.9813e-24
1097.000	3.9576e-24
1097.100	3.9340e-24
1097.200	3.9106e-24
1097.300	3.8872e-24
1097.400	3.8641e-24
1097.500	3.8410e-24
1097.600	3.8181e-24
1097.700	3.7954e-24
1097.800	3.7728e-24
1097.900	3.7503e-24
1098.000	3.7279e-24
1098.100	3.7057e-24
1098.200	3.6836e-24
1098.300	3.6616e-24
1098.400	3.6398e-24
1098.500	3.6181e-24
1098.600	3.5965e-24
1098.700	3.5751e-24
1098.800	3.5538e-24
1098.900	3.5326e-24
1099.000	3.5116e-24
1099.100	3.4906e-24
1099.200	3.4698e-24
1099.300	3.4491e-24
1099.400	3.4286e-24
1099.500	3.4081e-24
1099.600	3.3878e-24
1099.700	3.3676e-24
1099.800	3.3476e-24
1099.900	3.3276e-24
1100.000	3.3078e-24
1100.100	3.2880e-24
1100.200	3.2684e-24
1100.300	3.2490e-24
1100.400	3.2296e-24
1100.500	3.2103e-24
1100.600	3.1912e-24
1100.700	3.1722e-24
1100.800	3.1533e-24
1100.900	3.1345e-24
1101.000	3.1158e-24
1101.100	3.0972e-24
1101.200	3.0788e-24
1101.300	3.0604e-24
1101.400	3.0422e-24
1101.500	3.0240e-24
1101.600	3.0060e-24
1101.700	2.9881e-24
1101.800	2.9703e-24
1101.900	2.9526e-24
1102.000	2.9350e-24
1102.100	2.9175e-24
1102.200	2.9001e-24
1102.300	2.8828e-24
1102.400	2.8656e-24
1102.500	2.8485e-24
1102.600	2.8315e-24
1102.700	2.8147e-24
1102.800	2.7979e-24
1102.900	2.7812e-24
1103.000	2.7646e-24
1103.100	2.7481e-24
1103.200	2.7318e-24
1103.300	2.7155e-24
1103.400	2.6993e-24
1103.500	2.6832e-24
1103.600	2.6672e-24
1103.700	2.6513e-24
1103.800	2.6355e-24
1103.900	2.6198e-24
1104.000	2.6042e-24
1104.100	2.5887e-24
1104.200	2.5732e-24
1104.300	2.5579e-24
1104.400	2.5426e-24
1104.500	2.5275e-24
1104.600	2.5124e-24
1104.700	2.4974e-24
1104.800	2.4826e-24
1104.900	2.4678e-24
1105.000	2.4530e-24
1105.100	2.4384e-24
1105.200	2.4239e-24
1105.300	2.4094e-24
1105.400	2.3951e-24
1105.500	2.3808e-24
1105.600	2.3666e-24
1105.700	2.3525e-24
1105.800	2.3385e-24
1105.900	2.3245e-24
1106.000	2.3107e-24
1106.100	2.2969e-24
1106.200	2.2832e-24
1106.300	2.2696e-24
1106.400	2.2561e-24
1106.500	2.2426e-24
1106.600	2.2293e-24
1106.700	2.2160e-24
1106.800	2.2028e-24
1106.900	2.1896e-24
1107.000	2.1766e-24
1107.100	2.1636e-24
1107.200	2.1507e-24
1107.300	2.1379e-24
1107.400	2.1251e-24
1107.500	2.1125e-24
1107.600	2.0999e-24
1107.700	2.0874e-24
1107.800	2.0749e-24
1107.900	2.0626e-24
1108.000	2.0503e-24
1108.100	2.0380e-24
1108.200	2.0259e-24
1108.300	2.0138e-24
1108.400	2.0018e-24
1108.500	1.9899e-24
1108.600	1.9780e-24
1108.700	1.9662e-24
1108.800	1.9545e-24
1108.900	1.9429e-24
1109.000	1.9313e-24
1109.100	1.9198e-24
1109.200	1.9083e-24
1109.300	1.8969e-24
1109.400	1.8856e-24
1109.500	1.8744e-24
1109.600	1.8632e-24
1109.700	1.8521e-24
1109.800	1.8411e-24
1109.900	1.8301e-24
1110.000	1.8192e-24
