880.000	2.1266e-36
880.100	2.1987e-36
880.200	2.2732e-36
880.300	2.3503e-36
880.400	2.4299e-36
880.500	2.5123e-36
880.600	2.5975e-36
880.700	2.6855e-36
880.800	2.7765e-36
880.900	2.8706e-36
881.000	2.9679e-36
881.100	3.0685e-36
881.200	3.1725e-36
881.300	3.2801e-36
881.400	3.3912e-36
881.500	3.5062e-36
881.600	3.6250e-36
881.700	3.7479e-36
881.800	3.8749e-36
881.900	4.0063e-36
882.000	4.1421e-36
882.100	4.2825e-36
882.200	4.4276e-36
882.300	4.5777e-36
882.400	4.7329e-36
882.500	4.8933e-36
882.600	5.0591e-36
882.700	5.2306e-36
882.800	5.4079e-36
882.900	5.5912e-36
883.000	5.7807e-36
883.100	5.9767e-36
883.200	6.1793e-36
883.300	6.3887e-36
883.400	6.6052e-36
883.500	6.8291e-36
883.600	7.0606e-36
883.700	7.2999e-36
883.800	7.5474e-36
883.900	7.8032e-36
884.000	8.0677e-36
884.100	8.3411e-36
884.200	8.6238e-36
884.300	8.9161e-36
884.400	9.2184e-36
884.500	9.5308e-36
884.600	9.8539e-36
884.700	1.0188e-35
884.800	1.0533e-35
884.900	1.0890e-35
885.000	1.1259e-35
885.100	1.1641e-35
885.200	1.2036e-35
885.300	1.2443e-35
885.400	1.2865e-35
885.500	1.3301e-35
885.600	1.3752e-35
885.700	1.4218e-35
885.800	1.4700e-35
885.900	1.5199e-35
886.000	1.5714e-35
886.100	1.6246e-35
886.200	1.6797e-35
886.300	1.7366e-35
886.400	1.7955e-35
886.500	1.8563e-35
886.600	1.9193e-35
886.700	1.9843e-35
886.800	2.0516e-35
886.900	2.1211e-35
887.000	2.1930e-35
887.100	2.2674e-35
887.200	2.3442e-35
887.300	2.4237e-35
887.400	2.5058e-35
887.500	2.5907e-35
887.600	2.6786e-35
887.700	2.7693e-35
887.800	2.8632e-35
887.900	2.9603e-35
888.000	3.0606e-35
888.100	3.1643e-35
888.200	3.2716e-35
888.300	3.3825e-35
888.400	3.4971e-35
888.500	3.6157e-35
888.600	3.7382e-35
888.700	3.8649e-35
888.800	3.9959e-35
888.900	4.1314e-35
889.000	4.2714e-35
889.100	4.4162e-35
889.200	4.5659e-35
889.300	4.7206e-35
889.400	4.8807e-35
889.500	5.0461e-35
889.600	5.2171e-35
889.700	5.3940e-35
889.800	5.5768e-35
889.900	5.7658e-35
890.000	5.9612e-35
890.100	6.1633e-35
890.200	6.3722e-35
890.300	6.5882e-35
890.400	6.8115e-35
890.500	7.0424e-35
890.600	7.2811e-35
890.700	7.5279e-35
890.800	7.7830e-35
890.900	8.0468e-35
891.000	8.3196e-35
891.100	8.6016e-35
891.200	8.8931e-35
891.300	9.1946e-35
891.400	9.5062e-35
891.500	9.8284e-35
891.600	1.0162e-34
891.700	1.0506e-34
891.800	1.0862e-34
891.900	1.1230e-34
892.000	1.1611e-34
892.100	1.2004e-34
892.200	1.2411e-34
892.300	1.2832e-34
892.400	1.3267e-34
892.500	1.3717e-34
892.600	1.4182e-34
892.700	1.4662e-34
892.800	1.5159e-34
892.900	1.5673e-34
893.000	1.6204e-34
893.100	1.6754e-34
893.200	1.7321e-34
893.300	1.7909e-34
893.400	1.8516e-34
893.500	1.9143e-34
893.600	1.9792e-34
893.700	2.0463e-34
893.800	2.1156e-34
893.900	2.1874e-34
894.000	2.2615e-34
894.100	2.3382e-34
894.200	2.4174e-34
894.300	2.4993e-34
894.400	2.5841e-34
894.500	2.6716e-34
894.600	2.7622e-34
894.700	2.8558e-34
894.800	2.9526e-34
894.900	3.0527e-34
895.000	3.1562e-34
895.100	3.2632e-34
895.200	3.3738e-34
895.300	3.4881e-34
895.400	3.6063e-34
895.500	3.7286e-34
895.600	3.8550e-34
895.700	3.9856e-34
895.800	4.1207e-34
895.900	4.2604e-34
896.000	4.4048e-34
896.100	4.5541e-34
896.200	4.7085e-34
896.300	4.8681e-34
896.400	5.0331e-34
896.500	5.2036e-34
896.600	5.3800e-34
896.700	5.5624e-34
896.800	5.7509e-34
896.900	5.9458e-34
897.000	6.1474e-34
897.100	6.3558e-34
897.200	6.5712e-34
897.300	6.7939e-34
897.400	7.0242e-34
897.500	7.2623e-34
897.600	7.5084e-34
897.700	7.7629e-34
897.800	8.0261e-34
897.900	8.2981e-34
898.000	8.5794e-34
898.100	8.8702e-34
898.200	9.1708e-34
898.300	9.4817e-34
898.400	9.8030e-34
898.500	1.0135e-33
898.600	1.0479e-33
898.700	1.0834e-33
898.800	1.1201e-33
898.900	1.1581e-33
899.000	1.1973e-33
899.100	1.2379e-33
899.200	1.2799e-33
899.300	1.3233e-33
899.400	1.3681e-33
899.500	1.4145e-33
899.600	1.4624e-33
899.700	1.5120e-33
899.800	1.5633e-33
899.900	1.6162e-33
900.000	1.6710e-33
900.100	1.7277e-33
900.200	1.7862e-33
900.300	1.8468e-33
900.400	1.9094e-33
900.500	1.9741e-33
900.600	2.0410e-33
900.700	2.1102e-33
900.800	2.1817e-33
900.900	2.2557e-33
901.000	2.3321e-33
901.100	2.4112e-33
901.200	2.4929e-33
901.300	2.5774e-33
901.400	2.6647e-33
901.500	2.7551e-33
901.600	2.8485e-33
901.700	2.9450e-33
901.800	3.0448e-33
901.900	3.1480e-33
902.000	3.2547e-33
902.100	3.3650e-33
902.200	3.4791e-33
902.300	3.5970e-33
902.400	3.7190e-33
902.500	3.8450e-33
902.600	3.9753e-33
902.700	4.1101e-33
902.800	4.2494e-33
902.900	4.3934e-33
903.000	4.5423e-33
903.100	4.6963e-33
903.200	4.8555e-33
903.300	5.0201e-33
903.400	5.1902e-33
903.500	5.3661e-33
903.600	5.5480e-33
903.700	5.7361e-33
903.800	5.9305e-33
903.900	6.1315e-33
904.000	6.3393e-33
904.100	6.5542e-33
904.200	6.7764e-33
904.300	7.0061e-33
904.400	7.2435e-33
904.500	7.4890e-33
904.600	7.7429e-33
904.700	8.0053e-33
904.800	8.2767e-33
904.900	8.5572e-33
905.000	8.8473e-33
905.100	9.1471e-33
905.200	9.4572e-33
905.300	9.7777e-33
905.400	1.0109e-32
905.500	1.0452e-32
905.600	1.0806e-32
905.700	1.1172e-32
905.800	1.1551e-32
905.900	1.1943e-32
906.000	1.2347e-32
906.100	1.2766e-32
906.200	1.3199e-32
906.300	1.3646e-32
906.400	1.4108e-32
906.500	1.4587e-32
906.600	1.5081e-32
906.700	1.5592e-32
906.800	1.6121e-32
906.900	1.6667e-32
907.000	1.7232e-32
907.100	1.7816e-32
907.200	1.8420e-32
907.300	1.9044e-32
907.400	1.9690e-32
907.500	2.0357e-32
907.600	2.1047e-32
907.700	2.1761e-32
907.800	2.2498e-32
907.900	2.3261e-32
908.000	2.4049e-32
908.100	2.4865e-32
908.200	2.5707e-32
908.300	2.6579e-32
908.400	2.7480e-32
908.500	2.8411e-32
908.600	2.9374e-32
908.700	3.0370e-32
908.800	3.1399e-32
908.900	3.2463e-32
909.000	3.3564e-32
909.100	3.4701e-32
909.200	3.5877e-32
909.300	3.7093e-32
909.400	3.8351e-32
909.500	3.9651e-32
909.600	4.0995e-32
909.700	4.2384e-32
909.800	4.3821e-32
909.900	4.5306e-32
910.000	4.6842e-32
910.100	4.8429e-32
910.200	5.0071e-32
910.300	5.1768e-32
910.400	5.3523e-32
910.500	5.5337e-32
910.600	5.7213e-32
910.700	5.9152e-32
910.800	6.1157e-32
910.900	6.3230e-32
911.000	6.5373e-32
911.100	6.7589e-32
911.200	6.9880e-32
911.300	7.2248e-32
911.400	7.4697e-32
911.500	7.7229e-32
911.600	7.9847e-32
911.700	8.2553e-32
911.800	8.5351e-32
911.900	8.8244e-32
912.000	9.1235e-32
912.100	9.4328e-32
912.200	9.7525e-32
912.300	1.0083e-31
912.400	1.0425e-31
912.500	1.0778e-31
912.600	1.1144e-31
912.700	1.1521e-31
912.800	1.1912e-31
912.900	1.2315e-31
913.000	1.2733e-31
913.100	1.3164e-31
913.200	1.3611e-31
913.300	1.4072e-31
913.400	1.4549e-31
913.500	1.5042e-31
913.600	1.5552e-31
913.700	1.6079e-31
913.800	1.6624e-31
913.900	1.7188e-31
914.000	1.7770e-31
914.100	1.8373e-31
914.200	1.8995e-31
914.300	1.9639e-31
914.400	2.0305e-31
914.500	2.0993e-31
914.600	2.1705e-31
914.700	2.2440e-31
914.800	2.3201e-31
914.900	2.3987e-31
915.000	2.4800e-31
915.100	2.5641e-31
915.200	2.6510e-31
915.300	2.7409e-31
915.400	2.8338e-31
915.500	2.9298e-31
915.600	3.0291e-31
915.700	3.1318e-31
915.800	3.2379e-31
915.900	3.3477e-31
916.000	3.4612e-31
916.100	3.5785e-31
916.200	3.6998e-31
916.300	3.8252e-31
916.400	3.9548e-31
916.500	4.0889e-31
916.600	4.2275e-31
916.700	4.3708e-31
916.800	4.5189e-31
916.900	4.6721e-31
917.000	4.8304e-31
917.100	4.9942e-31
917.200	5.1634e-31
917.300	5.3385e-31
917.400	5.5194e-31
917.500	5.7065e-31
917.600	5.8999e-31
917.700	6.0999e-31
917.800	6.3067e-31
917.900	6.5204e-31
918.000	6.7414e-31
918.100	6.9699e-31
918.200	7.2062e-31
918.300	7.4504e-31
918.400	7.7030e-31
918.500	7.9641e-31
918.600	8.2340e-31
918.700	8.5131e-31
918.800	8.8016e-31
918.900	9.1000e-31
919.000	9.4084e-31
919.100	9.7273e-31
919.200	1.0057e-30
919.300	1.0398e-30
919.400	1.0750e-30
919.500	1.1115e-30
919.600	1.1491e-30
919.700	1.1881e-30
919.800	1.2284e-30
919.900	1.2700e-30
920.000	1.3131e-30
920.100	1.3576e-30
920.200	1.4036e-30
920.300	1.4511e-30
920.400	1.5003e-30
920.500	1.5512e-30
920.600	1.6038e-30
920.700	1.6581e-30
920.800	1.7143e-30
920.900	1.7724e-30
921.000	1.8325e-30
921.100	1.8946e-30
921.200	1.9588e-30
921.300	2.0252e-30
921.400	2.0939e-30
921.500	2.1649e-30
921.600	2.2382e-30
921.700	2.3141e-30
921.800	2.3925e-30
921.900	2.4736e-30
922.000	2.5575e-30
922.100	2.6442e-30
922.200	2.7338e-30
922.300	2.8264e-30
922.400	2.9222e-30
922.500	3.0213e-30
922.600	3.1237e-30
922.700	3.2296e-30
922.800	3.3391e-30
922.900	3.4522e-30
923.000	3.5692e-30
923.100	3.6902e-30
923.200	3.8153e-30
923.300	3.9446e-30
923.400	4.0783e-30
923.500	4.2166e-30
923.600	4.3595e-30
923.700	4.5072e-30
923.800	4.6600e-30
923.900	4.8180e-30
924.000	4.9813e-30
924.100	5.1501e-30
924.200	5.3247e-30
924.300	5.5052e-30
924.400	5.6918e-30
924.500	5.8847e-30
924.600	6.0841e-30
924.700	6.2904e-30
924.800	6.5036e-30
924.900	6.7240e-30
925.000	6.9519e-30
925.100	7.1876e-30
925.200	7.4312e-30
925.300	7.6831e-30
925.400	7.9435e-30
925.500	8.2127e-30
925.600	8.4911e-30
925.700	8.7789e-30
925.800	9.0765e-30
925.900	9.3841e-30
926.000	9.7022e-30
926.100	1.0031e-29
926.200	1.0371e-29
926.300	1.0723e-29
926.400	1.1086e-29
926.500	1.1462e-29
926.600	1.1850e-29
926.700	1.2252e-29
926.800	1.2667e-29
926.900	1.3097e-29
927.000	1.3541e-29
927.100	1.3999e-29
927.200	1.4474e-29
927.300	1.4965e-29
927.400	1.5472e-29
927.500	1.5996e-29
927.600	1.6538e-29
927.700	1.7099e-29
927.800	1.7679e-29
927.900	1.8278e-29
928.000	1.8897e-29
928.100	1.9538e-29
928.200	2.0200e-29
928.300	2.0885e-29
928.400	2.1593e-29
928.500	2.2325e-29
928.600	2.3081e-29
928.700	2.3864e-29
928.800	2.4672e-29
928.900	2.5509e-29
929.000	2.6373e-29
929.100	2.7267e-29
929.200	2.8191e-29
929.300	2.9147e-29
929.400	3.0135e-29
929.500	3.1156e-29
929.600	3.2212e-29
929.700	3.3304e-29
929.800	3.4433e-29
929.900	3.5600e-29
930.000	3.6807e-29
930.100	3.8055e-29
930.200	3.9344e-29
930.300	4.0678e-29
930.400	4.2057e-29
930.500	4.3482e-29
930.600	4.4956e-29
930.700	4.6480e-29
930.800	4.8055e-29
930.900	4.9684e-29
931.000	5.1368e-29
931.100	5.3109e-29
931.200	5.4910e-29
931.300	5.6771e-29
931.400	5.8695e-29
931.500	6.0684e-29
931.600	6.2741e-29
931.700	6.4868e-29
931.800	6.7067e-29
931.900	6.9340e-29
932.000	7.1690e-29
932.100	7.4120e-29
932.200	7.6632e-29
932.300	7.9230e-29
932.400	8.1915e-29
932.500	8.4692e-29
932.600	8.7563e-29
932.700	9.0530e-29
932.800	9.3599e-29
932.900	9.6772e-29
933.000	1.0005e-28
933.100	1.0344e-28
933.200	1.0695e-28
933.300	1.1057e-28
933.400	1.1432e-28
933.500	1.1820e-28
933.600	1.2220e-28
933.700	1.2635e-28
933.800	1.3063e-28
933.900	1.3506e-28
934.000	1.3963e-28
934.100	1.4437e-28
934.200	1.4926e-28
934.300	1.5432e-28
934.400	1.5955e-28
934.500	1.6496e-28
934.600	1.7055e-28
934.700	1.7633e-28
934.800	1.8231e-28
934.900	1.8849e-28
935.000	1.9487e-28
935.100	2.0148e-28
935.200	2.0831e-28
935.300	2.1537e-28
935.400	2.2267e-28
935.500	2.3022e-28
935.600	2.3802e-28
935.700	2.4609e-28
935.800	2.5443e-28
935.900	2.6305e-28
936.000	2.7197e-28
936.100	2.8119e-28
936.200	2.9072e-28
936.300	3.0057e-28
936.400	3.1076e-28
936.500	3.2129e-28
936.600	3.3218e-28
936.700	3.4344e-28
936.800	3.5508e-28
936.900	3.6712e-28
937.000	3.7956e-28
937.100	3.9243e-28
937.200	4.0573e-28
937.300	4.1948e-28
937.400	4.3370e-28
937.500	4.4840e-28
937.600	4.6360e-28
937.700	4.7931e-28
937.800	4.9556e-28
937.900	5.1236e-28
938.000	5.2972e-28
938.100	5.4768e-28
938.200	5.6624e-28
938.300	5.8543e-28
938.400	6.0528e-28
938.500	6.2579e-28
938.600	6.4700e-28
938.700	6.6893e-28
938.800	6.9161e-28
938.900	7.1505e-28
939.000	7.3929e-28
939.100	7.6435e-28
939.200	7.9025e-28
939.300	8.1704e-28
939.400	8.4473e-28
939.500	8.7336e-28
939.600	9.0297e-28
939.700	9.3357e-28
939.800	9.6522e-28
939.900	9.9793e-28
940.000	1.0318e-27
940.100	1.0667e-27
940.200	1.1029e-27
940.300	1.1403e-27
940.400	1.1789e-27
940.500	1.2189e-27
940.600	1.2602e-27
940.700	1.3029e-27
940.800	1.3471e-27
940.900	1.3927e-27
941.000	1.4399e-27
941.100	1.4887e-27
941.200	1.5392e-27
941.300	1.5914e-27
941.400	1.6453e-27
941.500	1.7011e-27
941.600	1.7587e-27
941.700	1.8184e-27
941.800	1.8800e-27
941.900	1.9437e-27
942.000	2.0096e-27
942.100	2.0777e-27
942.200	2.1481e-27
942.300	2.2209e-27
942.400	2.2962e-27
942.500	2.3741e-27
942.600	2.4545e-27
942.700	2.5377e-27
942.800	2.6237e-27
942.900	2.7127e-27
943.000	2.8046e-27
943.100	2.8997e-27
943.200	2.9980e-27
943.300	3.0996e-27
943.400	3.2046e-27
943.500	3.3133e-27
943.600	3.4256e-27
943.700	3.5417e-27
943.800	3.6617e-27
943.900	3.7858e-27
944.000	3.9141e-27
944.100	4.0468e-27
944.200	4.1840e-27
944.300	4.3258e-27
944.400	4.4724e-27
944.500	4.6240e-27
944.600	4.7808e-27
944.700	4.9428e-27
944.800	5.1103e-27
944.900	5.2835e-27
945.000	5.4626e-27
945.100	5.6478e-27
945.200	5.8392e-27
945.300	6.0371e-27
945.400	6.2418e-27
945.500	6.4533e-27
945.600	6.6721e-27
945.700	6.8982e-27
945.800	7.1320e-27
945.900	7.3738e-27
946.000	7.6237e-27
946.100	7.8821e-27
946.200	8.1493e-27
946.300	8.4255e-27
946.400	8.7111e-27
946.500	9.0064e-27
946.600	9.3116e-27
946.700	9.6273e-27
946.800	9.9536e-27
946.900	1.0291e-26
947.000	1.0640e-26
947.100	1.1000e-26
947.200	1.1373e-26
947.300	1.1759e-26
947.400	1.2157e-26
947.500	1.2569e-26
947.600	1.2995e-26
947.700	1.3436e-26
947.800	1.3891e-26
947.900	1.4362e-26
948.000	1.4849e-26
948.100	1.5352e-26
948.200	1.5873e-26
948.300	1.6411e-26
948.400	1.6967e-26
948.500	1.7542e-26
948.600	1.8137e-26
948.700	1.8751e-26
948.800	1.9387e-26
948.900	2.0044e-26
949.000	2.0723e-26
949.100	2.1426e-26
949.200	2.2152e-26
949.300	2.2903e-26
949.400	2.3679e-26
949.500	2.4482e-26
949.600	2.5312e-26
949.700	2.6170e-26
949.800	2.7057e-26
949.900	2.7974e-26
950.000	2.8922e-26
950.100	2.9902e-26
950.200	3.0916e-26
950.300	3.1964e-26
950.400	3.3047e-26
950.500	3.4167e-26
950.600	3.5325e-26
950.700	3.6523e-26
950.800	3.7761e-26
950.900	3.9040e-26
951.000	4.0364e-26
951.100	4.1732e-26
951.200	4.3146e-26
951.300	4.4609e-26
951.400	4.6121e-26
951.500	4.7684e-26
951.600	4.9300e-26
951.700	5.0971e-26
951.800	5.2699e-26
951.900	5.4485e-26
952.000	5.6332e-26
952.100	5.8241e-26
952.200	6.0216e-26
952.300	6.2257e-26
952.400	6.4367e-26
952.500	6.6549e-26
952.600	6.8804e-26
952.700	7.1136e-26
952.800	7.3547e-26
952.900	7.6040e-26
953.000	7.8618e-26
953.100	8.1283e-26
953.200	8.4038e-26
953.300	8.6886e-26
953.400	8.9831e-26
953.500	9.2876e-26
953.600	9.6024e-26
953.700	9.9279e-26
953.800	1.0264e-25
953.900	1.0612e-25
954.000	1.0972e-25
954.100	1.1344e-25
954.200	1.1728e-25
954.300	1.2126e-25
954.400	1.2537e-25
954.500	1.2962e-25
954.600	1.3401e-25
954.700	1.3855e-25
954.800	1.4325e-25
954.900	1.4811e-25
955.000	1.5313e-25
955.100	1.5832e-25
955.200	1.6368e-25
955.300	1.6923e-25
955.400	1.7497e-25
955.500	1.8090e-25
955.600	1.8703e-25
955.700	1.9337e-25
955.800	1.9992e-25
955.900	2.0670e-25
956.000	2.1371e-25
956.100	2.2095e-25
956.200	2.2844e-25
956.300	2.3618e-25
956.400	2.4419e-25
956.500	2.5246e-25
956.600	2.6102e-25
956.700	2.6987e-25
956.800	2.7901e-25
956.900	2.8847e-25
957.000	2.9825e-25
957.100	3.0836e-25
957.200	3.1881e-25
957.300	3.2962e-25
957.400	3.4079e-25
957.500	3.5234e-25
957.600	3.6428e-25
957.700	3.7663e-25
957.800	3.8940e-25
957.900	4.0260e-25
958.000	4.1624e-25
958.100	4.3035e-25
958.200	4.4494e-25
958.300	4.6002e-25
958.400	4.7561e-25
958.500	4.9173e-25
958.600	5.0840e-25
958.700	5.2563e-25
958.800	5.4345e-25
958.900	5.6187e-25
959.000	5.8091e-25
959.100	6.0060e-25
959.200	6.2096e-25
959.300	6.4201e-25
959.400	6.6377e-25
959.500	6.8627e-25
959.600	7.0953e-25
959.700	7.3358e-25
959.800	7.5844e-25
959.900	7.8415e-25
960.000	8.1073e-25
960.100	8.3821e-25
960.200	8.6662e-25
960.300	8.9599e-25
960.400	9.2636e-25
960.500	9.5776e-25
960.600	9.9022e-25
960.700	1.0238e-24
960.800	1.0585e-24
960.900	1.0944e-24
961.000	1.1315e-24
961.100	1.1698e-24
961.200	1.2095e-24
961.300	1.2505e-24
961.400	1.2928e-24
961.500	1.3367e-24
961.600	1.3820e-24
961.700	1.4288e-24
961.800	1.4772e-24
961.900	1.5273e-24
962.000	1.5791e-24
962.100	1.6326e-24
962.200	1.6879e-24
962.300	1.7452e-24
962.400	1.8043e-24
962.500	1.8655e-24
962.600	1.9287e-24
962.700	1.9941e-24
962.800	2.0617e-24
962.900	2.1315e-24
963.000	2.2038e-24
963.100	2.2785e-24
963.200	2.3557e-24
963.300	2.4356e-24
963.400	2.5181e-24
963.500	2.6035e-24
963.600	2.6917e-24
963.700	2.7829e-24
963.800	2.8773e-24
963.900	2.9748e-24
964.000	3.0756e-24
964.100	3.1799e-24
964.200	3.2877e-24
964.300	3.3991e-24
964.400	3.5143e-24
964.500	3.6334e-24
964.600	3.7566e-24
964.700	3.8839e-24
964.800	4.0156e-24
964.900	4.1517e-24
965.000	4.2924e-24
965.100	4.4379e-24
965.200	4.5883e-24
965.300	4.7438e-24
965.400	4.9046e-24
965.500	5.0709e-24
965.600	5.2427e-24
965.700	5.4204e-24
965.800	5.6042e-24
965.900	5.7941e-24
966.000	5.9905e-24
966.100	6.1936e-24
966.200	6.4035e-24
966.300	6.6205e-24
966.400	6.8449e-24
966.500	7.0769e-24
966.600	7.3168e-24
966.700	7.5648e-24
966.800	7.8212e-24
966.900	8.0863e-24
967.000	8.3604e-24
967.100	8.6438e-24
967.200	8.9368e-24
967.300	9.2397e-24
967.400	9.5529e-24
967.500	9.8767e-24
967.600	1.0211e-23
967.700	1.0558e-23
967.800	1.0915e-23
967.900	1.1285e-23
968.000	1.1668e-23
968.100	1.2063e-23
968.200	1.2472e-23
968.300	1.2895e-23
968.400	1.3332e-23
968.500	1.3784e-23
968.600	1.4251e-23
968.700	1.4734e-23
968.800	1.5234e-23
968.900	1.5750e-23
969.000	1.6284e-23
969.100	1.6836e-23
969.200	1.7406e-23
969.300	1.7996e-23
969.400	1.8606e-23
969.500	1.9237e-23
969.600	1.9889e-23
969.700	2.0563e-23
969.800	2.1260e-23
969.900	2.1981e-23
970.000	2.2726e-23
970.100	2.3496e-23
970.200	2.4293e-23
970.300	2.5116e-23
970.400	2.5967e-23
970.500	2.6848e-23
970.600	2.7758e-23
970.700	2.8698e-23
970.800	2.9671e-23
970.900	3.0677e-23
971.000	3.1717e-23
971.100	3.2792e-23
971.200	3.3903e-23
971.300	3.5052e-23
971.400	3.6240e-23
971.500	3.7469e-23
971.600	3.8739e-23
971.700	4.0052e-23
971.800	4.1409e-23
971.900	4.2813e-23
972.000	4.4264e-23
972.100	4.5765e-23
972.200	4.7316e-23
972.300	4.8919e-23
972.400	5.0578e-23
972.500	5.2292e-23
972.600	5.4064e-23
972.700	5.5897e-23
972.800	5.7792e-23
972.900	5.9750e-23
973.000	6.1776e-23
973.100	6.3870e-23
973.200	6.6034e-23
973.300	6.8273e-23
973.400	7.0587e-23
973.500	7.2979e-23
973.600	7.5453e-23
973.700	7.8010e-23
973.800	8.0655e-23
973.900	8.3388e-23
974.000	8.6215e-23
974.100	8.9137e-23
974.200	9.2158e-23
974.300	9.5282e-23
974.400	9.8512e-23
974.500	1.0185e-22
974.600	1.0530e-22
974.700	1.0887e-22
974.800	1.1256e-22
974.900	1.1638e-22
975.000	1.2032e-22
975.100	1.2440e-22
975.200	1.2862e-22
975.300	1.3298e-22
975.400	1.3748e-22
975.500	1.4214e-22
975.600	1.4696e-22
975.700	1.5194e-22
975.800	1.5709e-22
975.900	1.6242e-22
976.000	1.6792e-22
976.100	1.7362e-22
976.200	1.7950e-22
976.300	1.8558e-22
976.400	1.9187e-22
976.500	1.9838e-22
976.600	2.0510e-22
976.700	2.1205e-22
976.800	2.1924e-22
976.900	2.2667e-22
977.000	2.3436e-22
977.100	2.4230e-22
977.200	2.5051e-22
977.300	2.5900e-22
977.400	2.6778e-22
977.500	2.7686e-22
977.600	2.8624e-22
977.700	2.9595e-22
977.800	3.0598e-22
977.900	3.2537e-22
978.000	3.5376e-22
978.100	3.8755e-22
978.200	4.2898e-22
978.300	4.7999e-22
978.400	5.4464e-22
978.500	6.1664e-22
978.600	6.9696e-22
978.700	7.8372e-22
978.800	8.7571e-22
978.900	9.7740e-22
979.000	1.0918e-21
979.100	1.2212e-21
979.200	1.3706e-21
979.300	1.5407e-21
979.400	1.7155e-21
979.500	1.9273e-21
979.600	2.3776e-21
979.700	3.1134e-21
979.800	3.6176e-21
979.900	3.9884e-21
980.000	4.3000e-21
980.100	4.5868e-21
980.200	4.8833e-21
980.300	5.2240e-21
980.400	5.6487e-21
980.500	6.3004e-21
980.600	6.8212e-21
980.700	7.0901e-21
980.800	7.2254e-21
980.900	7.0499e-21
981.000	6.6696e-21
981.100	6.3593e-21
981.200	6.0717e-21
981.300	5.7829e-21
981.400	5.4734e-21
981.500	5.1238e-21
981.600	4.7147e-21
981.700	4.1804e-21
981.800	3.3154e-21
981.900	2.7523e-21
982.000	2.5066e-21
982.100	2.2923e-21
982.200	2.0591e-21
982.300	1.8278e-21
982.400	1.5587e-21
982.500	1.3454e-21
982.600	1.2652e-21
982.700	1.2224e-21
982.800	1.3876e-21
982.900	1.8788e-21
983.000	2.2670e-21
983.100	2.6010e-21
983.200	2.9304e-21
983.300	3.2835e-21
983.400	3.6976e-21
983.500	4.2212e-21
983.600	4.6513e-21
983.700	4.9370e-21
983.800	5.2191e-21
983.900	5.5499e-21
984.000	5.9051e-21
984.100	6.2849e-21
984.200	6.6865e-21
984.300	7.1067e-21
984.400	7.5387e-21
984.500	7.9626e-21
984.600	8.3744e-21
984.700	8.7250e-21
984.800	9.0305e-21
984.900	9.2615e-21
985.000	9.4411e-21
985.100	9.5750e-21
985.200	9.6779e-21
985.300	9.7533e-21
985.400	9.8067e-21
985.500	9.8513e-21
985.600	9.8908e-21
985.700	9.9294e-21
985.800	9.9734e-21
985.900	1.0021e-20
986.000	1.0073e-20
986.100	1.0128e-20
986.200	1.0185e-20
986.300	1.0244e-20
986.400	1.0297e-20
986.500	1.0346e-20
986.600	1.0393e-20
986.700	1.0436e-20
986.800	1.0478e-20
986.900	1.0521e-20
987.000	1.0562e-20
987.100	1.0600e-20
987.200	1.0634e-20
987.300	1.0674e-20
987.400	1.0700e-20
987.500	1.0693e-20
987.600	1.0670e-20
987.700	1.0605e-20
987.800	1.0467e-20
987.900	1.0315e-20
988.000	1.0136e-20
988.100	9.9522e-21
988.200	9.7618e-21
988.300	9.5660e-21
988.400	9.3643e-21
988.500	9.1618e-21
988.600	8.9588e-21
988.700	8.7598e-21
988.800	8.5665e-21
988.900	8.3795e-21
989.000	8.1943e-21
989.100	8.0244e-21
989.200	7.8752e-21
989.300	7.7590e-21
989.400	7.7214e-21
989.500	7.7026e-21
989.600	7.7118e-21
989.700	7.7654e-21
989.800	7.8275e-21
989.900	7.9036e-21
990.000	7.9866e-21
990.100	8.0744e-21
990.200	8.1758e-21
990.300	8.2968e-21
990.400	8.4387e-21
990.500	8.6138e-21
990.600	8.8066e-21
990.700	9.0004e-21
990.800	9.1959e-21
990.900	9.3812e-21
991.000	9.5609e-21
991.100	9.7382e-21
991.200	9.9129e-21
991.300	1.0092e-20
991.400	1.0277e-20
991.500	1.0406e-20
991.600	1.0507e-20
991.700	1.0530e-20
991.800	1.0438e-20
991.900	1.0299e-20
992.000	1.0110e-20
992.100	9.8519e-21
992.200	9.4793e-21
992.300	9.0033e-21
992.400	8.4173e-21
992.500	7.7875e-21
992.600	7.3018e-21
992.700	6.9003e-21
992.800	6.6260e-21
992.900	6.4231e-21
993.000	6.2275e-21
993.100	6.0401e-21
993.200	5.8623e-21
993.300	5.6938e-21
993.400	5.5296e-21
993.500	5.3680e-21
993.600	5.2111e-21
993.700	5.0669e-21
993.800	4.9118e-21
993.900	4.7191e-21
994.000	4.4988e-21
994.100	4.2403e-21
994.200	3.9757e-21
994.300	3.7870e-21
994.400	3.6414e-21
994.500	3.5644e-21
994.600	3.5179e-21
994.700	3.4707e-21
994.800	3.4230e-21
994.900	3.3734e-21
995.000	3.3208e-21
995.100	3.2683e-21
995.200	3.2160e-21
995.300	3.1660e-21
995.400	3.1191e-21
995.500	3.0753e-21
995.600	3.0344e-21
995.700	2.9976e-21
995.800	2.9670e-21
995.900	2.9409e-21
996.000	2.9196e-21
996.100	2.9015e-21
996.200	2.8812e-21
996.300	2.8592e-21
996.400	2.8352e-21
996.500	2.8087e-21
996.600	2.7823e-21
996.700	2.7569e-21
996.800	2.7294e-21
996.900	2.6986e-21
997.000	2.6643e-21
997.100	2.6248e-21
997.200	2.5818e-21
997.300	2.5378e-21
997.400	2.4919e-21
997.500	2.4435e-21
997.600	2.3927e-21
997.700	2.3388e-21
997.800	2.2820e-21
997.900	2.2238e-21
998.000	2.1643e-21
998.100	2.1042e-21
998.200	2.0437e-21
998.300	1.9834e-21
998.400	1.9234e-21
998.500	1.8650e-21
998.600	1.8085e-21
998.700	1.7545e-21
998.800	1.7038e-21
998.900	1.6555e-21
999.000	1.6090e-21
999.100	1.5643e-21
999.200	1.5205e-21
999.300	1.4782e-21
999.400	1.4397e-21
999.500	1.4043e-21
999.600	1.3734e-21
999.700	1.3462e-21
999.800	1.3210e-21
999.900	1.2974e-21
1000.000	1.2757e-21
1000.100	1.2553e-21
1000.200	1.2382e-21
1000.300	1.2243e-21
1000.400	1.2141e-21
1000.500	1.2071e-21
1000.600	1.2031e-21
1000.700	1.2030e-21
1000.800	1.2030e-21
1000.900	1.2038e-21
1001.000	1.2063e-21
1001.100	1.2084e-21
1001.200	1.2103e-21
1001.300	1.2127e-21
1001.400	1.2156e-21
1001.500	1.2192e-21
1001.600	1.2242e-21
1001.700	1.2297e-21
1001.800	1.2356e-21
1001.900	1.2419e-21
1002.000	1.2486e-21
1002.100	1.2559e-21
1002.200	1.2646e-21
1002.300	1.2739e-21
1002.400	1.2831e-21
1002.500	1.2922e-21
1002.600	1.3006e-21
1002.700	1.3086e-21
1002.800	1.3166e-21
1002.900	1.3248e-21
1003.000	1.3325e-21
1003.100	1.3396e-21
1003.200	1.3462e-21
1003.300	1.3521e-21
1003.400	1.3583e-21
1003.500	1.3653e-21
1003.600	1.3724e-21
1003.700	1.3798e-21
1003.800	1.3867e-21
1003.900	1.3922e-21
1004.000	1.3970e-21
1004.100	1.4013e-21
1004.200	1.4052e-21
1004.300	1.4091e-21
1004.400	1.4131e-21
1004.500	1.4175e-21
1004.600	1.4224e-21
1004.700	1.4283e-21
1004.800	1.4355e-21
1004.900	1.4425e-21
1005.000	1.4489e-21
1005.100	1.4543e-21
1005.200	1.4583e-21
1005.300	1.4623e-21
1005.400	1.4678e-21
1005.500	1.4743e-21
1005.600	1.4812e-21
1005.700	1.4884e-21
1005.800	1.4946e-21
1005.900	1.5004e-21
1006.000	1.5074e-21
1006.100	1.5156e-21
1006.200	1.5243e-21
1006.300	1.5337e-21
1006.400	1.5421e-21
1006.500	1.5490e-21
1006.600	1.5561e-21
1006.700	1.5636e-21
1006.800	1.5724e-21
1006.900	1.5837e-21
1007.000	1.5966e-21
1007.100	1.6103e-21
1007.200	1.6247e-21
1007.300	1.6386e-21
1007.400	1.6526e-21
1007.500	1.6682e-21
1007.600	1.6855e-21
1007.700	1.7047e-21
1007.800	1.7261e-21
1007.900	1.7479e-21
1008.000	1.7700e-21
1008.100	1.7926e-21
1008.200	1.8157e-21
1008.300	1.8390e-21
1008.400	1.8624e-21
1008.500	1.8853e-21
1008.600	1.9067e-21
1008.700	1.9275e-21
1008.800	1.9486e-21
1008.900	1.9697e-21
1009.000	1.9917e-21
1009.100	2.0140e-21
1009.200	2.0356e-21
1009.300	2.0567e-21
1009.400	2.0773e-21
1009.500	2.0974e-21
1009.600	2.1174e-21
1009.700	2.1374e-21
1009.800	2.1579e-21
1009.900	2.1790e-21
1010.000	2.2002e-21
1010.100	2.2181e-21
1010.200	2.2423e-21
1010.300	2.3134e-21
1010.400	2.3951e-21
1010.500	2.4292e-21
1010.600	2.4562e-21
1010.700	2.4783e-21
1010.800	2.4962e-21
1010.900	2.5109e-21
1011.000	2.5233e-21
1011.100	2.5342e-21
1011.200	2.5447e-21
1011.300	2.5555e-21
1011.400	2.5676e-21
1011.500	2.5818e-21
1011.600	2.5991e-21
1011.700	2.6203e-21
1011.800	2.6464e-21
1011.900	2.6783e-21
1012.000	2.7513e-21
1012.100	2.8358e-21
1012.200	2.8609e-21
1012.300	2.8751e-21
1012.400	2.8902e-21
1012.500	2.9049e-21
1012.600	2.9214e-21
1012.700	2.9395e-21
1012.800	2.9590e-21
1012.900	2.9802e-21
1013.000	3.0020e-21
1013.100	3.0245e-21
1013.200	3.0462e-21
1013.300	3.0673e-21
1013.400	3.0863e-21
1013.500	3.1025e-21
1013.600	3.1166e-21
1013.700	3.1275e-21
1013.800	3.1383e-21
1013.900	3.1558e-21
1014.000	3.1808e-21
1014.100	3.2123e-21
1014.200	3.2512e-21
1014.300	3.2830e-21
1014.400	3.3093e-21
1014.500	3.3317e-21
1014.600	3.3502e-21
1014.700	3.3697e-21
1014.800	3.3920e-21
1014.900	3.4143e-21
1015.000	3.4356e-21
1015.100	3.4565e-21
1015.200	3.4771e-21
1015.300	3.4969e-21
1015.400	3.5161e-21
1015.500	3.5340e-21
1015.600	3.5491e-21
1015.700	3.5620e-21
1015.800	3.5712e-21
1015.900	3.5782e-21
1016.000	3.5833e-21
1016.100	3.5871e-21
1016.200	3.5913e-21
1016.300	3.5963e-21
1016.400	3.6015e-21
1016.500	3.6064e-21
1016.600	3.6116e-21
1016.700	3.6171e-21
1016.800	3.6236e-21
1016.900	3.6324e-21
1017.000	3.6433e-21
1017.100	3.6559e-21
1017.200	3.6705e-21
1017.300	3.6876e-21
1017.400	3.7073e-21
1017.500	3.7279e-21
1017.600	3.7496e-21
1017.700	3.7695e-21
1017.800	3.7877e-21
1017.900	3.8049e-21
1018.000	3.8213e-21
1018.100	3.8367e-21
1018.200	3.8516e-21
1018.300	3.8646e-21
1018.400	3.8747e-21
1018.500	3.8846e-21
1018.600	3.8970e-21
1018.700	3.9119e-21
1018.800	3.9319e-21
1018.900	3.9565e-21
1019.000	3.9806e-21
1019.100	4.0049e-21
1019.200	4.0285e-21
1019.300	4.0514e-21
1019.400	4.0753e-21
1019.500	4.1004e-21
1019.600	4.1261e-21
1019.700	4.1526e-21
1019.800	4.1784e-21
1019.900	4.2033e-21
1020.000	4.2266e-21
1020.100	4.2476e-21
1020.200	4.2671e-21
1020.300	4.2850e-21
1020.400	4.3017e-21
1020.500	4.3175e-21
1020.600	4.3324e-21
1020.700	4.3469e-21
1020.800	4.3608e-21
1020.900	4.3750e-21
1021.000	4.3893e-21
1021.100	4.4027e-21
1021.200	4.4150e-21
1021.300	4.4263e-21
1021.400	4.4365e-21
1021.500	4.4462e-21
1021.600	4.4558e-21
1021.700	4.4643e-21
1021.800	4.4715e-21
1021.900	4.4769e-21
1022.000	4.4799e-21
1022.100	4.4817e-21
1022.200	4.4818e-21
1022.300	4.4818e-21
1022.400	4.4818e-21
1022.500	4.4818e-21
1022.600	4.4814e-21
1022.700	4.4792e-21
1022.800	4.4768e-21
1022.900	4.4742e-21
1023.000	4.4732e-21
1023.100	4.4750e-21
1023.200	4.4776e-21
1023.300	4.4813e-21
1023.400	4.4839e-21
1023.500	4.4839e-21
1023.600	4.4839e-21
1023.700	4.4822e-21
1023.800	4.4772e-21
1023.900	4.4711e-21
1024.000	4.4626e-21
1024.100	4.4527e-21
1024.200	4.4405e-21
1024.300	4.4267e-21
1024.400	4.4108e-21
1024.500	4.3932e-21
1024.600	4.3731e-21
1024.700	4.3523e-21
1024.800	4.3308e-21
1024.900	4.3100e-21
1025.000	4.2915e-21
1025.100	4.2738e-21
1025.200	4.2560e-21
1025.300	4.2379e-21
1025.400	4.2184e-21
1025.500	4.1963e-21
1025.600	4.1635e-21
1025.700	4.1161e-21
1025.800	4.0594e-21
1025.900	3.9893e-21
1026.000	3.9351e-21
1026.100	3.8933e-21
1026.200	3.8691e-21
1026.300	3.8578e-21
1026.400	3.8481e-21
1026.500	3.8372e-21
1026.600	3.8259e-21
1026.700	3.8132e-21
1026.800	3.7998e-21
1026.900	3.7862e-21
1027.000	3.7731e-21
1027.100	3.7621e-21
1027.200	3.7530e-21
1027.300	3.7480e-21
1027.400	3.7447e-21
1027.500	3.7448e-21
1027.600	3.7499e-21
1027.700	3.7578e-21
1027.800	3.7719e-21
1027.900	3.7878e-21
1028.000	3.8041e-21
1028.100	3.8201e-21
1028.200	3.8338e-21
1028.300	3.8481e-21
1028.400	3.8656e-21
1028.500	3.8857e-21
1028.600	3.9090e-21
1028.700	3.9350e-21
1028.800	3.9608e-21
1028.900	3.9870e-21
1029.000	4.0141e-21
1029.100	4.0422e-21
1029.200	4.0717e-21
1029.300	4.1029e-21
1029.400	4.1350e-21
1029.500	4.1679e-21
1029.600	4.2018e-21
1029.700	4.2368e-21
1029.800	4.2725e-21
1029.900	4.3087e-21
1030.000	4.3450e-21
1030.100	4.3809e-21
1030.200	4.4160e-21
1030.300	4.4488e-21
1030.400	4.4797e-21
1030.500	4.5079e-21
1030.600	4.5338e-21
1030.700	4.5585e-21
1030.800	4.5822e-21
1030.900	4.6030e-21
1031.000	4.6223e-21
1031.100	4.6338e-21
1031.200	4.6403e-21
1031.300	4.6425e-21
1031.400	4.6392e-21
1031.500	4.6362e-21
1031.600	4.6362e-21
1031.700	4.6362e-21
1031.800	4.6392e-21
1031.900	4.6456e-21
1032.000	4.6498e-21
1032.100	4.6529e-21
1032.200	4.6529e-21
1032.300	4.6515e-21
1032.400	4.6512e-21
1032.500	4.6512e-21
1032.600	4.6515e-21
1032.700	4.6541e-21
1032.800	4.6555e-21
1032.900	4.6555e-21
1033.000	4.6555e-21
1033.100	4.6530e-21
1033.200	4.6492e-21
1033.300	4.6455e-21
1033.400	4.6427e-21
1033.500	4.6455e-21
1033.600	4.6543e-21
1033.700	4.6684e-21
1033.800	4.6910e-21
1033.900	4.7109e-21
1034.000	4.7292e-21
1034.100	4.7524e-21
1034.200	4.7835e-21
1034.300	4.8067e-21
1034.400	4.8228e-21
1034.500	4.8361e-21
1034.600	4.8477e-21
1034.700	4.8587e-21
1034.800	4.8703e-21
1034.900	4.8835e-21
1035.000	4.9026e-21
1035.100	4.9185e-21
1035.200	4.9146e-21
1035.300	4.8975e-21
1035.400	4.8495e-21
1035.500	4.7381e-21
1035.600	4.6428e-21
1035.700	4.5617e-21
1035.800	4.4825e-21
1035.900	4.3979e-21
1036.000	4.2997e-21
1036.100	4.1718e-21
1036.200	4.0639e-21
1036.300	3.9948e-21
1036.400	3.9331e-21
1036.500	3.8664e-21
1036.600	3.8001e-21
1036.700	3.7350e-21
1036.800	3.6708e-21
1036.900	3.6072e-21
1037.000	3.5446e-21
1037.100	3.4859e-21
1037.200	3.4304e-21
1037.300	3.3797e-21
1037.400	3.3334e-21
1037.500	3.2901e-21
1037.600	3.2515e-21
1037.700	3.2051e-21
1037.800	3.1422e-21
1037.900	3.0683e-21
1038.000	2.9759e-21
1038.100	2.8873e-21
1038.200	2.8208e-21
1038.300	2.7688e-21
1038.400	2.7364e-21
1038.500	2.7119e-21
1038.600	2.6857e-21
1038.700	2.6596e-21
1038.800	2.6335e-21
1038.900	2.6073e-21
1039.000	2.5812e-21
1039.100	2.5551e-21
1039.200	2.5286e-21
1039.300	2.5014e-21
1039.400	2.4741e-21
1039.500	2.4463e-21
1039.600	2.4198e-21
1039.700	2.3957e-21
1039.800	2.3734e-21
1039.900	2.3535e-21
1040.000	2.3349e-21
1040.100	2.3163e-21
1040.200	2.2983e-21
1040.300	2.2812e-21
1040.400	2.2651e-21
1040.500	2.2507e-21
1040.600	2.2377e-21
1040.700	2.2252e-21
1040.800	2.2129e-21
1040.900	2.2015e-21
1041.000	2.1905e-21
1041.100	2.1821e-21
1041.200	2.1762e-21
1041.300	2.1722e-21
1041.400	2.1702e-21
1041.500	2.1683e-21
1041.600	2.1645e-21
1041.700	2.1589e-21
1041.800	2.1514e-21
1041.900	2.1417e-21
1042.000	2.1319e-21
1042.100	2.1217e-21
1042.200	2.1114e-21
1042.300	2.1010e-21
1042.400	2.0920e-21
1042.500	2.0840e-21
1042.600	2.0794e-21
1042.700	2.0767e-21
1042.800	2.0758e-21
1042.900	2.0758e-21
1043.000	2.0758e-21
1043.100	2.0751e-21
1043.200	2.0738e-21
1043.300	2.0726e-21
1043.400	2.0716e-21
1043.500	2.0722e-21
1043.600	2.0747e-21
1043.700	2.0777e-21
1043.800	2.0814e-21
1043.900	2.0822e-21
1044.000	2.0822e-21
1044.100	2.0822e-21
1044.200	2.0822e-21
1044.300	2.0824e-21
1044.400	2.0869e-21
1044.500	2.0932e-21
1044.600	2.0995e-21
1044.700	2.1054e-21
1044.800	2.1096e-21
1044.900	2.1134e-21
1045.000	2.1187e-21
1045.100	2.1250e-21
1045.200	2.1323e-21
1045.300	2.1406e-21
1045.400	2.1487e-21
1045.500	2.1568e-21
1045.600	2.1648e-21
1045.700	2.1727e-21
1045.800	2.1811e-21
1045.900	2.1900e-21
1046.000	2.1994e-21
1046.100	2.2096e-21
1046.200	2.2196e-21
1046.300	2.2288e-21
1046.400	2.2377e-21
1046.500	2.2466e-21
1046.600	2.2557e-21
1046.700	2.2661e-21
1046.800	2.2775e-21
1046.900	2.2888e-21
1047.000	2.3002e-21
1047.100	2.3097e-21
1047.200	2.3176e-21
1047.300	2.3250e-21
1047.400	2.3318e-21
1047.500	2.3394e-21
1047.600	2.3485e-21
1047.700	2.3576e-21
1047.800	2.3659e-21
1047.900	2.3737e-21
1048.000	2.3806e-21
1048.100	2.3876e-21
1048.200	2.3969e-21
1048.300	2.4074e-21
1048.400	2.4179e-21
1048.500	2.4283e-21
1048.600	2.4360e-21
1048.700	2.4421e-21
1048.800	2.4463e-21
1048.900	2.4493e-21
1049.000	2.4519e-21
1049.100	2.4544e-21
1049.200	2.4553e-21
1049.300	2.4553e-21
1049.400	2.4554e-21
1049.500	2.4625e-21
1049.600	2.4740e-21
1049.700	2.4840e-21
1049.800	2.4944e-21
1049.900	2.5048e-21
1050.000	2.5146e-21
1050.100	2.5244e-21
1050.200	2.5334e-21
1050.300	2.5343e-21
1050.400	2.5329e-21
1050.500	2.5330e-21
1050.600	2.5363e-21
1050.700	2.5399e-21
1050.800	2.5438e-21
1050.900	2.5454e-21
1051.000	2.5446e-21
1051.100	2.5432e-21
1051.200	2.5394e-21
1051.300	2.5350e-21
1051.400	2.5322e-21
1051.500	2.5305e-21
1051.600	2.5304e-21
1051.700	2.5304e-21
1051.800	2.5299e-21
1051.900	2.5276e-21
1052.000	2.5238e-21
1052.100	2.5164e-21
1052.200	2.5075e-21
1052.300	2.4964e-21
1052.400	2.4846e-21
1052.500	2.4728e-21
1052.600	2.4602e-21
1052.700	2.4468e-21
1052.800	2.4319e-21
1052.900	2.4138e-21
1053.000	2.3938e-21
1053.100	2.3757e-21
1053.200	2.3543e-21
1053.300	2.2907e-21
1053.400	2.1876e-21
1053.500	2.1498e-21
1053.600	2.1259e-21
1053.700	2.1050e-21
1053.800	2.0870e-21
1053.900	2.0716e-21
1054.000	2.0585e-21
1054.100	2.0473e-21
1054.200	2.0379e-21
1054.300	2.0299e-21
1054.400	2.0231e-21
1054.500	2.0171e-21
1054.600	2.0118e-21
1054.700	2.0067e-21
1054.800	2.0017e-21
1054.900	1.9965e-21
1055.000	1.9908e-21
1055.100	1.9842e-21
1055.200	1.9766e-21
1055.300	1.9676e-21
1055.400	1.9569e-21
1055.500	1.9444e-21
1055.600	1.9296e-21
1055.700	1.9124e-21
1055.800	1.8924e-21
1055.900	1.8693e-21
1056.000	1.8428e-21
1056.100	1.7551e-21
1056.200	1.6593e-21
1056.300	1.6295e-21
1056.400	1.6091e-21
1056.500	1.5840e-21
1056.600	1.5576e-21
1056.700	1.5300e-21
1056.800	1.5013e-21
1056.900	1.4744e-21
1057.000	1.4490e-21
1057.100	1.4258e-21
1057.200	1.4047e-21
1057.300	1.3841e-21
1057.400	1.3637e-21
1057.500	1.3441e-21
1057.600	1.3256e-21
1057.700	1.3080e-21
1057.800	1.2918e-21
1057.900	1.2759e-21
1058.000	1.2589e-21
1058.100	1.2416e-21
1058.200	1.2249e-21
1058.300	1.2088e-21
1058.400	1.1946e-21
1058.500	1.1819e-21
1058.600	1.1685e-21
1058.700	1.1546e-21
1058.800	1.1397e-21
1058.900	1.1236e-21
1059.000	1.1071e-21
1059.100	1.0901e-21
1059.200	1.0727e-21
1059.300	1.0542e-21
1059.400	1.0363e-21
1059.500	1.0204e-21
1059.600	1.0058e-21
1059.700	9.9309e-22
1059.800	9.8137e-22
1059.900	9.6925e-22
1060.000	9.5711e-22
1060.100	9.4541e-22
1060.200	9.3409e-22
1060.300	9.2451e-22
1060.400	9.1634e-22
1060.500	9.0927e-22
1060.600	9.0326e-22
1060.700	8.9739e-22
1060.800	8.9135e-22
1060.900	8.8530e-22
1061.000	8.7926e-22
1061.100	8.7322e-22
1061.200	8.6706e-22
1061.300	8.6105e-22
1061.400	8.5576e-22
1061.500	8.5085e-22
1061.600	8.4595e-22
1061.700	8.4104e-22
1061.800	8.3513e-22
1061.900	8.2805e-22
1062.000	8.2008e-22
1062.100	8.1090e-22
1062.200	8.0160e-22
1062.300	7.9204e-22
1062.400	7.8381e-22
1062.500	7.7729e-22
1062.600	7.7191e-22
1062.700	7.6767e-22
1062.800	7.6386e-22
1062.900	7.5971e-22
1063.000	7.5570e-22
1063.100	7.5215e-22
1063.200	7.4912e-22
1063.300	7.4761e-22
1063.400	7.4671e-22
1063.500	7.4579e-22
1063.600	7.4490e-22
1063.700	7.4342e-22
1063.800	7.4048e-22
1063.900	7.3674e-22
1064.000	7.3198e-22
1064.100	7.2631e-22
1064.200	7.1931e-22
1064.300	7.1210e-22
1064.400	7.0542e-22
1064.500	6.9973e-22
1064.600	6.9608e-22
1064.700	6.9333e-22
1064.800	6.9113e-22
1064.900	6.8927e-22
1065.000	6.8685e-22
1065.100	6.8385e-22
1065.200	6.7993e-22
1065.300	6.7459e-22
1065.400	6.6972e-22
1065.500	6.6535e-22
1065.600	6.6212e-22
1065.700	6.6017e-22
1065.800	6.5817e-22
1065.900	6.5538e-22
1066.000	6.5211e-22
1066.100	6.4829e-22
1066.200	6.4411e-22
1066.300	6.3996e-22
1066.400	6.3591e-22
1066.500	6.3256e-22
1066.600	6.2964e-22
1066.700	6.2670e-22
1066.800	6.2377e-22
1066.900	6.2031e-22
1067.000	6.1608e-22
1067.100	6.1232e-22
1067.200	6.0914e-22
1067.300	6.0649e-22
1067.400	6.0444e-22
1067.500	6.0252e-22
1067.600	6.0061e-22
1067.700	5.9853e-22
1067.800	5.9585e-22
1067.900	5.9265e-22
1068.000	5.8894e-22
1068.100	5.8477e-22
1068.200	5.8071e-22
1068.300	5.7668e-22
1068.400	5.7260e-22
1068.500	5.6845e-22
1068.600	5.6484e-22
1068.700	5.6170e-22
1068.800	5.5912e-22
1068.900	5.5721e-22
1069.000	5.5511e-22
1069.100	5.5218e-22
1069.200	5.4900e-22
1069.300	5.4598e-22
1069.400	5.4296e-22
1069.500	5.4003e-22
1069.600	5.3701e-22
1069.700	5.3313e-22
1069.800	5.2882e-22
1069.900	5.2587e-22
1070.000	5.2363e-22
1070.100	5.2323e-22
1070.200	5.2323e-22
1070.300	5.2315e-22
1070.400	5.2223e-22
1070.500	5.2071e-22
1070.600	5.1778e-22
1070.700	5.1441e-22
1070.800	5.1099e-22
1070.900	5.0830e-22
1071.000	5.0712e-22
1071.100	5.0625e-22
1071.200	5.0537e-22
1071.300	5.0438e-22
1071.400	5.0204e-22
1071.500	4.9753e-22
1071.600	4.9222e-22
1071.700	4.8571e-22
1071.800	4.8038e-22
1071.900	4.7585e-22
1072.000	4.7348e-22
1072.100	4.7248e-22
1072.200	4.7160e-22
1072.300	4.7073e-22
1072.400	4.6956e-22
1072.500	4.6690e-22
1072.600	4.6347e-22
1072.700	4.6011e-22
1072.800	4.5716e-22
1072.900	4.5563e-22
1073.000	4.5469e-22
1073.100	4.5461e-22
1073.200	4.5461e-22
1073.300	4.5444e-22
1073.400	4.5336e-22
1073.500	4.5168e-22
1073.600	4.4853e-22
1073.700	4.4521e-22
1073.800	4.4177e-22
1073.900	4.3941e-22
1074.000	4.3805e-22
1074.100	4.3746e-22
1074.200	4.3746e-22
1074.300	4.3746e-22
1074.400	4.3746e-22
1074.500	4.3746e-22
1074.600	4.3746e-22
1074.700	4.3746e-22
1074.800	4.3722e-22
1074.900	4.3608e-22
1075.000	4.3433e-22
1075.100	4.3119e-22
1075.200	4.2758e-22
1075.300	4.2337e-22
1075.400	4.1955e-22
1075.500	4.1634e-22
1075.600	4.1365e-22
1075.700	4.1157e-22
1075.800	4.0966e-22
1075.900	4.0765e-22
1076.000	4.0563e-22
1076.100	4.0362e-22
1076.200	4.0161e-22
1076.300	3.9965e-22
1076.400	3.9769e-22
1076.500	3.9522e-22
1076.600	3.9217e-22
1076.700	3.8857e-22
1076.800	3.8414e-22
1076.900	3.8093e-22
1077.000	3.7893e-22
1077.100	3.7706e-22
1077.200	3.7529e-22
1077.300	3.7297e-22
1077.400	3.6842e-22
1077.500	3.6281e-22
1077.600	3.5764e-22
1077.700	3.5264e-22
1077.800	3.4836e-22
1077.900	3.4445e-22
1078.000	3.4044e-22
1078.100	3.3642e-22
1078.200	3.3233e-22
1078.300	3.2818e-22
1078.400	3.2459e-22
1078.500	3.2146e-22
1078.600	3.1890e-22
1078.700	3.1700e-22
1078.800	3.1487e-22
1078.900	3.1193e-22
1079.000	3.0876e-22
1079.100	3.0536e-22
1079.200	3.0256e-22
1079.300	3.0110e-22
1079.400	3.0026e-22
1079.500	2.9901e-22
1079.600	2.9573e-22
1079.700	2.9245e-22
1079.800	2.8915e-22
1079.900	2.8580e-22
1080.000	2.8237e-22
1080.100	2.7946e-22
1080.200	2.7702e-22
1080.300	2.7513e-22
1080.400	2.7391e-22
1080.500	2.7250e-22
1080.600	2.7038e-22
1080.700	2.6777e-22
1080.800	2.6445e-22
1080.900	2.6098e-22
1081.000	2.5827e-22
1081.100	2.5601e-22
1081.200	2.5436e-22
1081.300	2.5308e-22
1081.400	2.5172e-22
1081.500	2.5032e-22
1081.600	2.4892e-22
1081.700	2.4752e-22
1081.800	2.4611e-22
1081.900	2.4469e-22
1082.000	2.4328e-22
1082.100	2.4203e-22
1082.200	2.4036e-22
1082.300	2.3730e-22
1082.400	2.3339e-22
1082.500	2.2883e-22
1082.600	2.2428e-22
1082.700	2.2126e-22
1082.800	2.1896e-22
1082.900	2.1711e-22
1083.000	2.1563e-22
1083.100	2.1471e-22
1083.200	2.1408e-22
1083.300	2.1435e-22
1083.400	2.1487e-22
1083.500	2.1537e-22
1083.600	2.1588e-22
1083.700	2.1638e-22
1083.800	2.1687e-22
1083.900	2.1736e-22
1084.000	2.1722e-22
1084.100	2.1634e-22
1084.200	2.1441e-22
1084.300	2.1143e-22
1084.400	2.0874e-22
1084.500	2.0613e-22
1084.600	2.0423e-22
1084.700	2.0275e-22
1084.800	2.0116e-22
1084.900	1.9944e-22
1085.000	1.9836e-22
1085.100	1.9782e-22
1085.200	1.9731e-22
1085.300	1.9682e-22
1085.400	1.9608e-22
1085.500	1.9440e-22
1085.600	1.9280e-22
1085.700	1.9186e-22
1085.800	1.9146e-22
1085.900	1.9185e-22
1086.000	1.9224e-22
1086.100	1.9263e-22
1086.200	1.9302e-22
1086.300	1.9340e-22
1086.400	1.9378e-22
1086.500	1.9416e-22
1086.600	1.9453e-22
1086.700	1.9490e-22
1086.800	1.9527e-22
1086.900	1.9560e-22
1087.000	1.9510e-22
1087.100	1.9409e-22
1087.200	1.9256e-22
1087.300	1.9072e-22
1087.400	1.8905e-22
1087.500	1.8738e-22
1087.600	1.8557e-22
1087.700	1.8387e-22
1087.800	1.8277e-22
1087.900	1.8204e-22
1088.000	1.8222e-22
1088.100	1.8254e-22
1088.200	1.8273e-22
1088.300	1.8200e-22
1088.400	1.8089e-22
1088.500	1.7918e-22
1088.600	1.7733e-22
1088.700	1.7562e-22
1088.800	1.7391e-22
1088.900	1.7202e-22
1089.000	1.7041e-22
1089.100	1.6955e-22
1089.200	1.6893e-22
1089.300	1.6827e-22
1089.400	1.6757e-22
1089.500	1.6632e-22
1089.600	1.6443e-22
1089.700	1.6263e-22
1089.800	1.6089e-22
1089.900	1.5911e-22
1090.000	1.5718e-22
1090.100	1.5581e-22
1090.200	1.5478e-22
1090.300	1.5453e-22
1090.400	1.5478e-22
1090.500	1.5504e-22
1090.600	1.5529e-22
1090.700	1.5553e-22
1090.800	1.5532e-22
1090.900	1.5427e-22
1091.000	1.5237e-22
1091.100	1.4920e-22
1091.200	1.4614e-22
1091.300	1.4309e-22
1091.400	1.4148e-22
1091.500	1.4054e-22
1091.600	1.4050e-22
1091.700	1.4072e-22
1091.800	1.4094e-22
1091.900	1.4116e-22
1092.000	1.4138e-22
1092.100	1.4159e-22
1092.200	1.4180e-22
1092.300	1.4201e-22
1092.400	1.4222e-22
1092.500	1.4243e-22
1092.600	1.4263e-22
1092.700	1.4253e-22
1092.800	1.4154e-22
1092.900	1.3984e-22
1093.000	1.3673e-22
1093.100	1.3363e-22
1093.200	1.3043e-22
1093.300	1.2854e-22
1093.400	1.2746e-22
1093.500	1.2723e-22
1093.600	1.2741e-22
1093.700	1.2760e-22
1093.800	1.2778e-22
1093.900	1.2796e-22
1094.000	1.2814e-22
1094.100	1.2831e-22
1094.200	1.2810e-22
1094.300	1.2703e-22
1094.400	1.2518e-22
1094.500	1.2198e-22
1094.600	1.1885e-22
1094.700	1.1568e-22
1094.800	1.1389e-22
1094.900	1.1284e-22
1095.000	1.1266e-22
1095.100	1.1282e-22
1095.200	1.1297e-22
1095.300	1.1238e-22
1095.400	1.1114e-22
1095.500	1.0868e-22
1095.600	1.0540e-22
1095.700	1.0220e-22
1095.800	9.9352e-23
1095.900	9.7949e-23
1096.000	9.7129e-23
1096.100	9.7175e-23
1096.200	9.7318e-23
1096.300	9.7459e-23
1096.400	9.7599e-23
1096.500	9.7737e-23
1096.600	9.7874e-23
1096.700	9.7971e-23
1096.800	9.7232e-23
1096.900	9.5997e-23
1097.000	9.4229e-23
1097.100	9.2173e-23
1097.200	9.0127e-23
1097.300	8.8309e-23
1097.400	8.7053e-23
1097.500	8.6245e-23
1097.600	8.7031e-23
1097.700	8.9621e-23
1097.800	9.2569e-23
1097.900	9.6116e-23
1098.000	9.8177e-23
1098.100	9.9478e-23
1098.200	9.9822e-23
1098.300	9.9029e-23
1098.400	9.7645e-23
1098.500	9.4854e-23
1098.600	9.1592e-23
1098.700	8.8286e-23
1098.800	8.5673e-23
1098.900	8.4353e-23
1099.000	8.3656e-23
1099.100	8.3735e-23
1099.200	8.3841e-23
1099.300	8.3945e-23
1099.400	8.4049e-23
1099.500	8.4151e-23
1099.600	8.4253e-23
1099.700	8.4353e-23
1099.800	8.4453e-23
1099.900	8.4499e-23
1100.000	8.3723e-23
1100.100	8.2348e-23
1100.200	7.9598e-23
1100.300	7.6303e-23
1100.400	7.2993e-23
1100.500	7.0298e-23
1100.600	6.8940e-23
1100.700	6.8190e-23
1100.800	6.8240e-23
1100.900	6.8329e-23
1101.000	6.8417e-23
1101.100	6.8505e-23
1101.200	6.8591e-23
1101.300	6.8677e-23
1101.400	6.8762e-23
1101.500	6.8846e-23
1101.600	6.8929e-23
1101.700	6.9011e-23
1101.800	6.9092e-23
1101.900	6.9173e-23
1102.000	6.9253e-23
1102.100	6.9332e-23
1102.200	6.9410e-23
1102.300	6.9488e-23
1102.400	6.9564e-23
1102.500	6.9640e-23
1102.600	6.9716e-23
1102.700	6.9790e-23
1102.800	6.9864e-23
1102.900	6.9937e-23
1103.000	7.0009e-23
1103.100	7.0000e-23
1103.200	6.9107e-23
1103.300	6.7775e-23
1103.400	6.5688e-23
1103.500	6.3833e-23
1103.600	6.2560e-23
1103.700	6.1920e-23
1103.800	6.2557e-23
1103.900	6.3934e-23
1104.000	6.5809e-23
1104.100	6.8096e-23
1104.200	6.9616e-23
1104.300	7.0739e-23
1104.400	7.0948e-23
1104.500	7.1010e-23
1104.600	7.0944e-23
1104.700	6.9968e-23
1104.800	6.8588e-23
1104.900	6.6440e-23
1105.000	6.4661e-23
1105.100	6.3400e-23
1105.200	6.2851e-23
1105.300	6.2909e-23
1105.400	6.2965e-23
1105.500	6.3022e-23
1105.600	6.3077e-23
1105.700	6.3132e-23
1105.800	6.3187e-23
1105.900	6.2957e-23
1106.000	6.1828e-23
1106.100	6.0312e-23
1106.200	5.8092e-23
1106.300	5.6494e-23
1106.400	5.5306e-23
1106.500	5.5024e-23
1106.600	5.5970e-23
1106.700	5.7396e-23
1106.800	5.9545e-23
1106.900	6.1596e-23
1107.000	6.2997e-23
1107.100	6.3835e-23
1107.200	6.3897e-23
1107.300	6.3944e-23
1107.400	6.3990e-23
1107.500	6.4037e-23
1107.600	6.4082e-23
1107.700	6.4127e-23
1107.800	6.4013e-23
1107.900	6.2983e-23
1108.000	6.1560e-23
1108.100	5.9373e-23
1108.200	5.7625e-23
1108.300	5.6362e-23
1108.400	5.5859e-23
1108.500	5.6629e-23
1108.600	5.8015e-23
1108.700	5.9999e-23
1108.800	6.2182e-23
1108.900	6.3618e-23
1109.000	6.4604e-23
1109.100	6.4714e-23
1109.200	6.4753e-23
1109.300	6.4792e-23
1109.400	6.4830e-23
1109.500	6.4867e-23
1109.600	6.4905e-23
1109.700	6.4942e-23
1109.800	6.4978e-23
1109.900	6.4994e-23
1110.000	6.4256e-23
