880.0000 	 8.6249e-23
880.1000 	 8.6249e-23
880.2000 	 8.6249e-23
880.3000 	 8.6249e-23
880.4000 	 8.6249e-23
880.5000 	 8.6249e-23
880.6000 	 8.6249e-23
880.7000 	 8.6249e-23
880.8000 	 8.6249e-23
880.9000 	 8.6249e-23
881.0000 	 8.6249e-23
881.1000 	 8.6249e-23
881.2000 	 8.6249e-23
881.3000 	 8.6249e-23
881.4000 	 8.6249e-23
881.5000 	 8.6249e-23
881.6000 	 8.6249e-23
881.7000 	 8.6719e-23
881.8000 	 8.7391e-23
881.9000 	 8.8062e-23
882.0000 	 8.8734e-23
882.1000 	 8.9406e-23
882.2000 	 9.0077e-23
882.3000 	 9.0749e-23
882.4000 	 9.1421e-23
882.5000 	 9.2159e-23
882.6000 	 9.3167e-23
882.7000 	 9.4174e-23
882.8000 	 9.5181e-23
882.9000 	 9.6189e-23
883.0000 	 9.7196e-23
883.1000 	 9.8203e-23
883.2000 	 9.9211e-23
883.3000 	 1.0022e-22
883.4000 	 1.0052e-22
883.5000 	 1.0052e-22
883.6000 	 1.0052e-22
883.7000 	 1.0052e-22
883.8000 	 1.0052e-22
883.9000 	 1.0052e-22
884.0000 	 1.0052e-22
884.1000 	 1.0052e-22
884.2000 	 1.0052e-22
884.3000 	 1.0052e-22
884.4000 	 1.0052e-22
884.5000 	 1.0052e-22
884.6000 	 1.0052e-22
884.7000 	 1.0052e-22
884.8000 	 1.0052e-22
884.9000 	 1.0052e-22
885.0000 	 1.0052e-22
885.1000 	 1.0052e-22
885.2000 	 1.0052e-22
885.3000 	 1.0052e-22
885.4000 	 1.0052e-22
885.5000 	 1.0052e-22
885.6000 	 1.0052e-22
885.7000 	 1.0052e-22
885.8000 	 1.0052e-22
885.9000 	 1.0092e-22
886.0000 	 1.0294e-22
886.1000 	 1.0495e-22
886.2000 	 1.0697e-22
886.3000 	 1.0898e-22
886.4000 	 1.1100e-22
886.5000 	 1.1301e-22
886.6000 	 1.1503e-22
886.7000 	 1.1705e-22
886.8000 	 1.1928e-22
886.9000 	 1.2160e-22
887.0000 	 1.2392e-22
887.1000 	 1.2625e-22
887.2000 	 1.2857e-22
887.3000 	 1.3089e-22
887.4000 	 1.3322e-22
887.5000 	 1.3554e-22
887.6000 	 1.3770e-22
887.7000 	 1.3837e-22
887.8000 	 1.3904e-22
887.9000 	 1.3971e-22
888.0000 	 1.4038e-22
888.1000 	 1.4106e-22
888.2000 	 1.4173e-22
888.3000 	 1.4240e-22
888.4000 	 1.4307e-22
888.5000 	 1.4354e-22
888.6000 	 1.4388e-22
888.7000 	 1.4421e-22
888.8000 	 1.4455e-22
888.9000 	 1.4489e-22
889.0000 	 1.4522e-22
889.1000 	 1.4556e-22
889.2000 	 1.4590e-22
889.3000 	 1.4647e-22
889.4000 	 1.4916e-22
889.5000 	 1.5184e-22
889.6000 	 1.5453e-22
889.7000 	 1.5722e-22
889.8000 	 1.5990e-22
889.9000 	 1.6259e-22
890.0000 	 1.6528e-22
890.1000 	 1.6797e-22
890.2000 	 1.6944e-22
890.3000 	 1.7011e-22
890.4000 	 1.7078e-22
890.5000 	 1.7145e-22
890.6000 	 1.7212e-22
890.7000 	 1.7280e-22
890.8000 	 1.7347e-22
890.9000 	 1.7414e-22
891.0000 	 1.7504e-22
891.1000 	 1.7807e-22
891.2000 	 1.8109e-22
891.3000 	 1.8411e-22
891.4000 	 1.8714e-22
891.5000 	 1.9016e-22
891.6000 	 1.9318e-22
891.7000 	 1.9621e-22
891.8000 	 1.9923e-22
891.9000 	 2.0225e-22
892.0000 	 2.0528e-22
892.1000 	 2.0830e-22
892.2000 	 2.1132e-22
892.3000 	 2.1434e-22
892.4000 	 2.1737e-22
892.5000 	 2.2039e-22
892.6000 	 2.2341e-22
892.7000 	 2.2633e-22
892.8000 	 2.2832e-22
892.9000 	 2.3031e-22
893.0000 	 2.3230e-22
893.1000 	 2.3430e-22
893.2000 	 2.3629e-22
893.3000 	 2.3828e-22
893.4000 	 2.4027e-22
893.5000 	 2.4226e-22
893.6000 	 2.4410e-22
893.7000 	 2.4578e-22
893.8000 	 2.4746e-22
893.9000 	 2.4914e-22
894.0000 	 2.5081e-22
894.1000 	 2.5249e-22
894.2000 	 2.5417e-22
894.3000 	 2.5585e-22
894.4000 	 2.5753e-22
894.5000 	 2.5787e-22
894.6000 	 2.5820e-22
894.7000 	 2.5854e-22
894.8000 	 2.5888e-22
894.9000 	 2.5921e-22
895.0000 	 2.5955e-22
895.1000 	 2.5989e-22
895.2000 	 2.6022e-22
895.3000 	 2.6089e-22
895.4000 	 2.6190e-22
895.5000 	 2.6291e-22
895.6000 	 2.6391e-22
895.7000 	 2.6492e-22
895.8000 	 2.6593e-22
895.9000 	 2.6694e-22
896.0000 	 2.6794e-22
896.1000 	 2.6895e-22
896.2000 	 2.7130e-22
896.3000 	 2.7365e-22
896.4000 	 2.7600e-22
896.5000 	 2.7835e-22
896.6000 	 2.8070e-22
896.7000 	 2.8305e-22
896.8000 	 2.8540e-22
896.9000 	 2.8775e-22
897.0000 	 2.9027e-22
897.1000 	 2.9296e-22
897.2000 	 2.9565e-22
897.3000 	 2.9833e-22
897.4000 	 3.0102e-22
897.5000 	 3.0371e-22
897.6000 	 3.0640e-22
897.7000 	 3.0908e-22
897.8000 	 3.1177e-22
897.9000 	 3.1379e-22
898.0000 	 3.1580e-22
898.1000 	 3.1782e-22
898.2000 	 3.1983e-22
898.3000 	 3.2185e-22
898.4000 	 3.2386e-22
898.5000 	 3.2588e-22
898.6000 	 3.2789e-22
898.7000 	 3.2956e-22
898.8000 	 3.3089e-22
898.9000 	 3.3222e-22
899.0000 	 3.3355e-22
899.1000 	 3.3488e-22
899.2000 	 3.3620e-22
899.3000 	 3.3753e-22
899.4000 	 3.3886e-22
899.5000 	 3.4019e-22
899.6000 	 3.4213e-22
899.7000 	 3.4415e-22
899.8000 	 3.4616e-22
899.9000 	 3.4818e-22
900.0000 	 3.5019e-22
900.1000 	 3.5221e-22
900.2000 	 3.5423e-22
900.3000 	 3.5624e-22
900.4000 	 3.5812e-22
900.5000 	 3.5980e-22
900.6000 	 3.6148e-22
900.7000 	 3.6316e-22
900.8000 	 3.6484e-22
900.9000 	 3.6652e-22
901.0000 	 3.6819e-22
901.1000 	 3.6987e-22
901.2000 	 3.7155e-22
901.3000 	 3.7353e-22
901.4000 	 3.7555e-22
901.5000 	 3.7756e-22
901.6000 	 3.7958e-22
901.7000 	 3.8159e-22
901.8000 	 3.8361e-22
901.9000 	 3.8563e-22
902.0000 	 3.8764e-22
902.1000 	 3.9006e-22
902.2000 	 3.9308e-22
902.3000 	 3.9610e-22
902.4000 	 3.9913e-22
902.5000 	 4.0215e-22
902.6000 	 4.0517e-22
902.7000 	 4.0819e-22
902.8000 	 4.1122e-22
902.9000 	 4.1424e-22
903.0000 	 4.1726e-22
903.1000 	 4.2028e-22
903.2000 	 4.2330e-22
903.3000 	 4.2633e-22
903.4000 	 4.2935e-22
903.5000 	 4.3237e-22
903.6000 	 4.3539e-22
903.7000 	 4.3842e-22
903.8000 	 4.4171e-22
903.9000 	 4.4540e-22
904.0000 	 4.4910e-22
904.1000 	 4.5279e-22
904.2000 	 4.5649e-22
904.3000 	 4.6018e-22
904.4000 	 4.6388e-22
904.5000 	 4.6758e-22
904.6000 	 4.7127e-22
904.7000 	 4.7433e-22
904.8000 	 4.7732e-22
904.9000 	 4.8030e-22
905.0000 	 4.8329e-22
905.1000 	 4.8628e-22
905.2000 	 4.8926e-22
905.3000 	 4.9225e-22
905.4000 	 4.9524e-22
905.5000 	 4.9814e-22
905.6000 	 5.0082e-22
905.7000 	 5.0351e-22
905.8000 	 5.0620e-22
905.9000 	 5.0888e-22
906.0000 	 5.1157e-22
906.1000 	 5.1426e-22
906.2000 	 5.1695e-22
906.3000 	 5.1963e-22
906.4000 	 5.2286e-22
906.5000 	 5.2621e-22
906.6000 	 5.2957e-22
906.7000 	 5.3293e-22
906.8000 	 5.3629e-22
906.9000 	 5.3964e-22
907.0000 	 5.4300e-22
907.1000 	 5.4636e-22
907.2000 	 5.5002e-22
907.3000 	 5.5439e-22
907.4000 	 5.5875e-22
907.5000 	 5.6312e-22
907.6000 	 5.6748e-22
907.7000 	 5.7185e-22
907.8000 	 5.7622e-22
907.9000 	 5.8058e-22
908.0000 	 5.8495e-22
908.1000 	 5.9066e-22
908.2000 	 5.9670e-22
908.3000 	 6.0275e-22
908.4000 	 6.0879e-22
908.5000 	 6.1484e-22
908.6000 	 6.2089e-22
908.7000 	 6.2693e-22
908.8000 	 6.3298e-22
908.9000 	 6.3933e-22
909.0000 	 6.4638e-22
909.1000 	 6.5343e-22
909.2000 	 6.6048e-22
909.3000 	 6.6754e-22
909.4000 	 6.7459e-22
909.5000 	 6.8164e-22
909.6000 	 6.8870e-22
909.7000 	 6.9575e-22
909.8000 	 7.0280e-22
909.9000 	 7.0986e-22
910.0000 	 7.1691e-22
910.1000 	 7.2396e-22
910.2000 	 7.3101e-22
910.3000 	 7.3807e-22
910.4000 	 7.4512e-22
910.5000 	 7.5217e-22
910.6000 	 7.5960e-22
910.7000 	 7.6790e-22
910.8000 	 7.7619e-22
910.9000 	 7.8449e-22
911.0000 	 7.9279e-22
911.1000 	 8.0109e-22
911.2000 	 8.0939e-22
911.3000 	 8.1768e-22
911.4000 	 8.2598e-22
911.5000 	 8.3364e-22
911.6000 	 8.4103e-22
911.7000 	 8.4842e-22
911.8000 	 8.5581e-22
911.9000 	 8.6320e-22
912.0000 	 8.7059e-22
912.1000 	 8.7798e-22
912.2000 	 8.8537e-22
912.3000 	 8.9309e-22
912.4000 	 9.0216e-22
912.5000 	 9.1123e-22
912.6000 	 9.2030e-22
912.7000 	 9.2937e-22
912.8000 	 9.3843e-22
912.9000 	 9.4750e-22
913.0000 	 9.5657e-22
913.1000 	 9.6564e-22
913.2000 	 9.7682e-22
913.3000 	 9.8891e-22
913.4000 	 1.0010e-21
913.5000 	 1.0131e-21
913.6000 	 1.0252e-21
913.7000 	 1.0373e-21
913.8000 	 1.0493e-21
913.9000 	 1.0614e-21
914.0000 	 1.0738e-21
914.1000 	 1.0872e-21
914.2000 	 1.1007e-21
914.3000 	 1.1141e-21
914.4000 	 1.1275e-21
914.5000 	 1.1410e-21
914.6000 	 1.1544e-21
914.7000 	 1.1678e-21
914.8000 	 1.1813e-21
914.9000 	 1.1965e-21
915.0000 	 1.2126e-21
915.1000 	 1.2287e-21
915.2000 	 1.2447e-21
915.3000 	 1.2608e-21
915.4000 	 1.2769e-21
915.5000 	 1.2929e-21
915.6000 	 1.3090e-21
915.7000 	 1.3282e-21
915.8000 	 1.3474e-21
915.9000 	 1.3666e-21
916.0000 	 1.3858e-21
916.1000 	 1.4049e-21
916.2000 	 1.4241e-21
916.3000 	 1.4433e-21
916.4000 	 1.4630e-21
916.5000 	 1.4866e-21
916.6000 	 1.5102e-21
916.7000 	 1.5338e-21
916.8000 	 1.5574e-21
916.9000 	 1.5811e-21
917.0000 	 1.6047e-21
917.1000 	 1.6315e-21
917.2000 	 1.6592e-21
917.3000 	 1.6869e-21
917.4000 	 1.7146e-21
917.5000 	 1.7423e-21
917.6000 	 1.7693e-21
917.7000 	 1.7935e-21
917.8000 	 1.8178e-21
917.9000 	 1.8421e-21
918.0000 	 1.8663e-21
918.1000 	 1.8906e-21
918.2000 	 1.9149e-21
918.3000 	 1.9444e-21
918.4000 	 1.9745e-21
918.5000 	 2.0046e-21
918.6000 	 2.0347e-21
918.7000 	 2.0648e-21
918.8000 	 2.0940e-21
918.9000 	 2.1225e-21
919.0000 	 2.1509e-21
919.1000 	 2.1794e-21
919.2000 	 2.2078e-21
919.3000 	 2.2360e-21
919.4000 	 2.2638e-21
919.5000 	 2.2915e-21
919.6000 	 2.3193e-21
919.7000 	 2.3470e-21
919.8000 	 2.3748e-21
919.9000 	 2.3990e-21
920.0000 	 2.4232e-21
920.1000 	 2.4474e-21
920.2000 	 2.4716e-21
920.3000 	 2.4959e-21
920.4000 	 2.5176e-21
920.5000 	 2.5338e-21
920.6000 	 2.5499e-21
920.7000 	 2.5661e-21
920.8000 	 2.5822e-21
920.9000 	 2.5984e-21
921.0000 	 2.6145e-21
921.1000 	 2.6307e-21
921.2000 	 2.6425e-21
921.3000 	 2.6526e-21
921.4000 	 2.6627e-21
921.5000 	 2.6728e-21
921.6000 	 2.6828e-21
921.7000 	 2.6929e-21
921.8000 	 2.7030e-21
921.9000 	 2.7130e-21
922.0000 	 2.7219e-21
922.1000 	 2.7259e-21
922.2000 	 2.7299e-21
922.3000 	 2.7339e-21
922.4000 	 2.7379e-21
922.5000 	 2.7418e-21
922.6000 	 2.7458e-21
922.7000 	 2.7498e-21
922.8000 	 2.7538e-21
922.9000 	 2.7546e-21
923.0000 	 2.7533e-21
923.1000 	 2.7519e-21
923.2000 	 2.7506e-21
923.3000 	 2.7492e-21
923.4000 	 2.7479e-21
923.5000 	 2.7465e-21
923.6000 	 2.7452e-21
923.7000 	 2.7437e-21
923.8000 	 2.7403e-21
923.9000 	 2.7369e-21
924.0000 	 2.7336e-21
924.1000 	 2.7302e-21
924.2000 	 2.7268e-21
924.3000 	 2.7235e-21
924.4000 	 2.7201e-21
924.5000 	 2.7167e-21
924.6000 	 2.7126e-21
924.7000 	 2.7079e-21
924.8000 	 2.7032e-21
924.9000 	 2.6985e-21
925.0000 	 2.6938e-21
925.1000 	 2.6891e-21
925.2000 	 2.6844e-21
925.3000 	 2.6797e-21
925.4000 	 2.6750e-21
925.5000 	 2.6700e-21
925.6000 	 2.6649e-21
925.7000 	 2.6599e-21
925.8000 	 2.6549e-21
925.9000 	 2.6498e-21
926.0000 	 2.6448e-21
926.1000 	 2.6397e-21
926.2000 	 2.6347e-21
926.3000 	 2.6295e-21
926.4000 	 2.6241e-21
926.5000 	 2.6187e-21
926.6000 	 2.6133e-21
926.7000 	 2.6080e-21
926.8000 	 2.6026e-21
926.9000 	 2.5972e-21
927.0000 	 2.5918e-21
927.1000 	 2.5862e-21
927.2000 	 2.5785e-21
927.3000 	 2.5708e-21
927.4000 	 2.5630e-21
927.5000 	 2.5553e-21
927.6000 	 2.5476e-21
927.7000 	 2.5399e-21
927.8000 	 2.5321e-21
927.9000 	 2.5244e-21
928.0000 	 2.5151e-21
928.1000 	 2.5048e-21
928.2000 	 2.4945e-21
928.3000 	 2.4843e-21
928.4000 	 2.4740e-21
928.5000 	 2.4637e-21
928.6000 	 2.4534e-21
928.7000 	 2.4431e-21
928.8000 	 2.4328e-21
928.9000 	 2.4258e-21
929.0000 	 2.4187e-21
929.1000 	 2.4117e-21
929.2000 	 2.4046e-21
929.3000 	 2.3976e-21
929.4000 	 2.3905e-21
929.5000 	 2.3835e-21
929.6000 	 2.3764e-21
929.7000 	 2.3687e-21
929.8000 	 2.3603e-21
929.9000 	 2.3519e-21
930.0000 	 2.3435e-21
930.1000 	 2.3351e-21
930.2000 	 2.3267e-21
930.3000 	 2.3183e-21
930.4000 	 2.3099e-21
930.5000 	 2.3015e-21
930.6000 	 2.2945e-21
930.7000 	 2.2874e-21
930.8000 	 2.2804e-21
930.9000 	 2.2733e-21
931.0000 	 2.2663e-21
931.1000 	 2.2592e-21
931.2000 	 2.2522e-21
931.3000 	 2.2451e-21
931.4000 	 2.2386e-21
931.5000 	 2.2325e-21
931.6000 	 2.2265e-21
931.7000 	 2.2204e-21
931.8000 	 2.2144e-21
931.9000 	 2.2083e-21
932.0000 	 2.2023e-21
932.1000 	 2.1962e-21
932.2000 	 2.1902e-21
932.3000 	 2.1842e-21
932.4000 	 2.1781e-21
932.5000 	 2.1721e-21
932.6000 	 2.1660e-21
932.7000 	 2.1600e-21
932.8000 	 2.1539e-21
932.9000 	 2.1479e-21
933.0000 	 2.1418e-21
933.1000 	 2.1348e-21
933.2000 	 2.1267e-21
933.3000 	 2.1187e-21
933.4000 	 2.1106e-21
933.5000 	 2.1025e-21
933.6000 	 2.0945e-21
933.7000 	 2.0864e-21
933.8000 	 2.0784e-21
933.9000 	 2.0703e-21
934.0000 	 2.0637e-21
934.1000 	 2.0570e-21
934.2000 	 2.0504e-21
934.3000 	 2.0437e-21
934.4000 	 2.0371e-21
934.5000 	 2.0305e-21
934.6000 	 2.0238e-21
934.7000 	 2.0172e-21
934.8000 	 2.0102e-21
934.9000 	 2.0029e-21
935.0000 	 1.9955e-21
935.1000 	 1.9881e-21
935.2000 	 1.9807e-21
935.3000 	 1.9733e-21
935.4000 	 1.9659e-21
935.5000 	 1.9585e-21
935.6000 	 1.9511e-21
935.7000 	 1.9465e-21
935.8000 	 1.9421e-21
935.9000 	 1.9377e-21
936.0000 	 1.9334e-21
936.1000 	 1.9290e-21
936.2000 	 1.9246e-21
936.3000 	 1.9203e-21
936.4000 	 1.9159e-21
936.5000 	 1.9113e-21
936.6000 	 1.9062e-21
936.7000 	 1.9012e-21
936.8000 	 1.8961e-21
936.9000 	 1.8911e-21
937.0000 	 1.8860e-21
937.1000 	 1.8810e-21
937.2000 	 1.8760e-21
937.3000 	 1.8709e-21
937.4000 	 1.8665e-21
937.5000 	 1.8621e-21
937.6000 	 1.8577e-21
937.7000 	 1.8534e-21
937.8000 	 1.8490e-21
937.9000 	 1.8446e-21
938.0000 	 1.8403e-21
938.1000 	 1.8359e-21
938.2000 	 1.8325e-21
938.3000 	 1.8305e-21
938.4000 	 1.8285e-21
938.5000 	 1.8265e-21
938.6000 	 1.8244e-21
938.7000 	 1.8224e-21
938.8000 	 1.8204e-21
938.9000 	 1.8184e-21
939.0000 	 1.8164e-21
939.1000 	 1.8186e-21
939.2000 	 1.8213e-21
939.3000 	 1.8240e-21
939.4000 	 1.8267e-21
939.5000 	 1.8293e-21
939.6000 	 1.8320e-21
939.7000 	 1.8347e-21
939.8000 	 1.8374e-21
939.9000 	 1.8411e-21
940.0000 	 1.8464e-21
940.1000 	 1.8518e-21
940.2000 	 1.8571e-21
940.3000 	 1.8624e-21
940.4000 	 1.8677e-21
940.5000 	 1.8730e-21
940.6000 	 1.8783e-21
940.7000 	 1.8836e-21
940.8000 	 1.8893e-21
940.9000 	 1.8950e-21
941.0000 	 1.9007e-21
941.1000 	 1.9064e-21
941.2000 	 1.9121e-21
941.3000 	 1.9178e-21
941.4000 	 1.9235e-21
941.5000 	 1.9292e-21
941.6000 	 1.9347e-21
941.7000 	 1.9398e-21
941.8000 	 1.9448e-21
941.9000 	 1.9499e-21
942.0000 	 1.9549e-21
942.1000 	 1.9599e-21
942.2000 	 1.9650e-21
942.3000 	 1.9700e-21
942.4000 	 1.9751e-21
942.5000 	 1.9801e-21
942.6000 	 1.9852e-21
942.7000 	 1.9902e-21
942.8000 	 1.9952e-21
942.9000 	 2.0003e-21
943.0000 	 2.0053e-21
943.1000 	 2.0103e-21
943.2000 	 2.0154e-21
943.3000 	 2.0195e-21
943.4000 	 2.0215e-21
943.5000 	 2.0235e-21
943.6000 	 2.0255e-21
943.7000 	 2.0276e-21
943.8000 	 2.0296e-21
943.9000 	 2.0316e-21
944.0000 	 2.0336e-21
944.1000 	 2.0356e-21
944.2000 	 2.0344e-21
944.3000 	 2.0324e-21
944.4000 	 2.0304e-21
944.5000 	 2.0284e-21
944.6000 	 2.0263e-21
944.7000 	 2.0243e-21
944.8000 	 2.0223e-21
944.9000 	 2.0203e-21
945.0000 	 2.0182e-21
945.1000 	 2.0158e-21
945.2000 	 2.0135e-21
945.3000 	 2.0111e-21
945.4000 	 2.0088e-21
945.5000 	 2.0064e-21
945.6000 	 2.0041e-21
945.7000 	 2.0017e-21
945.8000 	 1.9994e-21
945.9000 	 1.9970e-21
946.0000 	 1.9947e-21
946.1000 	 1.9924e-21
946.2000 	 1.9901e-21
946.3000 	 1.9877e-21
946.4000 	 1.9854e-21
946.5000 	 1.9831e-21
946.6000 	 1.9808e-21
946.7000 	 1.9785e-21
946.8000 	 1.9765e-21
946.9000 	 1.9745e-21
947.0000 	 1.9725e-21
947.1000 	 1.9705e-21
947.2000 	 1.9684e-21
947.3000 	 1.9664e-21
947.4000 	 1.9644e-21
947.5000 	 1.9624e-21
947.6000 	 1.9613e-21
947.7000 	 1.9607e-21
947.8000 	 1.9600e-21
947.9000 	 1.9593e-21
948.0000 	 1.9586e-21
948.1000 	 1.9580e-21
948.2000 	 1.9573e-21
948.3000 	 1.9566e-21
948.4000 	 1.9562e-21
948.5000 	 1.9565e-21
948.6000 	 1.9568e-21
948.7000 	 1.9572e-21
948.8000 	 1.9575e-21
948.9000 	 1.9578e-21
949.0000 	 1.9581e-21
949.1000 	 1.9585e-21
949.2000 	 1.9588e-21
949.3000 	 1.9589e-21
949.4000 	 1.9589e-21
949.5000 	 1.9589e-21
949.6000 	 1.9589e-21
949.7000 	 1.9589e-21
949.8000 	 1.9589e-21
949.9000 	 1.9589e-21
950.0000 	 1.9589e-21
950.1000 	 1.9588e-21
950.2000 	 1.9585e-21
950.3000 	 1.9582e-21
950.4000 	 1.9578e-21
950.5000 	 1.9575e-21
950.6000 	 1.9572e-21
950.7000 	 1.9569e-21
950.8000 	 1.9565e-21
950.9000 	 1.9562e-21
951.0000 	 1.9570e-21
951.1000 	 1.9584e-21
951.2000 	 1.9597e-21
951.3000 	 1.9611e-21
951.4000 	 1.9624e-21
951.5000 	 1.9637e-21
951.6000 	 1.9651e-21
951.7000 	 1.9664e-21
951.8000 	 1.9681e-21
951.9000 	 1.9711e-21
952.0000 	 1.9741e-21
952.1000 	 1.9771e-21
952.2000 	 1.9801e-21
952.3000 	 1.9830e-21
952.4000 	 1.9860e-21
952.5000 	 1.9890e-21
952.6000 	 1.9920e-21
952.7000 	 1.9948e-21
952.8000 	 1.9975e-21
952.9000 	 2.0002e-21
953.0000 	 2.0029e-21
953.1000 	 2.0055e-21
953.2000 	 2.0082e-21
953.3000 	 2.0109e-21
953.4000 	 2.0136e-21
953.5000 	 2.0165e-21
953.6000 	 2.0216e-21
953.7000 	 2.0266e-21
953.8000 	 2.0316e-21
953.9000 	 2.0367e-21
954.0000 	 2.0417e-21
954.1000 	 2.0468e-21
954.2000 	 2.0518e-21
954.3000 	 2.0569e-21
954.4000 	 2.0603e-21
954.5000 	 2.0626e-21
954.6000 	 2.0650e-21
954.7000 	 2.0673e-21
954.8000 	 2.0697e-21
954.9000 	 2.0720e-21
955.0000 	 2.0744e-21
955.1000 	 2.0767e-21
955.2000 	 2.0791e-21
955.3000 	 2.0825e-21
955.4000 	 2.0859e-21
955.5000 	 2.0892e-21
955.6000 	 2.0926e-21
955.7000 	 2.0960e-21
955.8000 	 2.0993e-21
955.9000 	 2.1027e-21
956.0000 	 2.1061e-21
956.1000 	 2.1104e-21
956.2000 	 2.1155e-21
956.3000 	 2.1205e-21
956.4000 	 2.1255e-21
956.5000 	 2.1306e-21
956.6000 	 2.1356e-21
956.7000 	 2.1406e-21
956.8000 	 2.1457e-21
956.9000 	 2.1505e-21
957.0000 	 2.1535e-21
957.1000 	 2.1565e-21
957.2000 	 2.1596e-21
957.3000 	 2.1626e-21
957.4000 	 2.1656e-21
957.5000 	 2.1686e-21
957.6000 	 2.1717e-21
957.7000 	 2.1747e-21
957.8000 	 2.1803e-21
957.9000 	 2.1876e-21
958.0000 	 2.1949e-21
958.1000 	 2.2022e-21
958.2000 	 2.2095e-21
958.3000 	 2.2168e-21
958.4000 	 2.2241e-21
958.5000 	 2.2314e-21
958.6000 	 2.2387e-21
958.7000 	 2.2458e-21
958.8000 	 2.2528e-21
958.9000 	 2.2599e-21
959.0000 	 2.2669e-21
959.1000 	 2.2740e-21
959.2000 	 2.2811e-21
959.3000 	 2.2881e-21
959.4000 	 2.2952e-21
959.5000 	 2.3029e-21
959.6000 	 2.3113e-21
959.7000 	 2.3197e-21
959.8000 	 2.3281e-21
959.9000 	 2.3364e-21
960.0000 	 2.3448e-21
960.1000 	 2.3532e-21
960.2000 	 2.3616e-21
960.3000 	 2.3700e-21
960.4000 	 2.3771e-21
960.5000 	 2.3841e-21
960.6000 	 2.3912e-21
960.7000 	 2.3982e-21
960.8000 	 2.4053e-21
960.9000 	 2.4124e-21
961.0000 	 2.4194e-21
961.1000 	 2.4265e-21
961.2000 	 2.4330e-21
961.3000 	 2.4391e-21
961.4000 	 2.4451e-21
961.5000 	 2.4512e-21
961.6000 	 2.4572e-21
961.7000 	 2.4633e-21
961.8000 	 2.4693e-21
961.9000 	 2.4754e-21
962.0000 	 2.4814e-21
962.1000 	 2.4878e-21
962.2000 	 2.4942e-21
962.3000 	 2.5005e-21
962.4000 	 2.5069e-21
962.5000 	 2.5133e-21
962.6000 	 2.5197e-21
962.7000 	 2.5260e-21
962.8000 	 2.5324e-21
962.9000 	 2.5416e-21
963.0000 	 2.5537e-21
963.1000 	 2.5658e-21
963.2000 	 2.5779e-21
963.3000 	 2.5900e-21
963.4000 	 2.6021e-21
963.5000 	 2.6142e-21
963.6000 	 2.6263e-21
963.7000 	 2.6384e-21
963.8000 	 2.6701e-21
963.9000 	 2.7018e-21
964.0000 	 2.7335e-21
964.1000 	 2.7652e-21
964.2000 	 2.8063e-21
964.3000 	 2.8567e-21
964.4000 	 2.9071e-21
964.5000 	 2.9647e-21
964.6000 	 3.0879e-21
964.7000 	 3.1796e-21
964.8000 	 3.2503e-21
964.9000 	 3.3210e-21
965.0000 	 3.3472e-21
965.1000 	 3.3289e-21
965.2000 	 3.3106e-21
965.3000 	 3.2924e-21
965.4000 	 3.2741e-21
965.5000 	 3.2145e-21
965.6000 	 3.1371e-21
965.7000 	 3.0621e-21
965.8000 	 2.9874e-21
965.9000 	 2.9480e-21
966.0000 	 2.9175e-21
966.1000 	 2.8870e-21
966.2000 	 2.8565e-21
966.3000 	 2.8351e-21
966.4000 	 2.8274e-21
966.5000 	 2.8196e-21
966.6000 	 2.8119e-21
966.7000 	 2.8042e-21
966.8000 	 2.7965e-21
966.9000 	 2.7887e-21
967.0000 	 2.7810e-21
967.1000 	 2.7733e-21
967.2000 	 2.7722e-21
967.3000 	 2.7719e-21
967.4000 	 2.7715e-21
967.5000 	 2.7712e-21
967.6000 	 2.7709e-21
967.7000 	 2.7706e-21
967.8000 	 2.7702e-21
967.9000 	 2.7699e-21
968.0000 	 2.7706e-21
968.1000 	 2.7730e-21
968.2000 	 2.7753e-21
968.3000 	 2.7777e-21
968.4000 	 2.7801e-21
968.5000 	 2.7824e-21
968.6000 	 2.7848e-21
968.7000 	 2.7871e-21
968.8000 	 2.7895e-21
968.9000 	 2.7927e-21
969.0000 	 2.7961e-21
969.1000 	 2.7994e-21
969.2000 	 2.8028e-21
969.3000 	 2.8061e-21
969.4000 	 2.8095e-21
969.5000 	 2.8128e-21
969.6000 	 2.8162e-21
969.7000 	 2.8221e-21
969.8000 	 2.8317e-21
969.9000 	 2.8413e-21
970.0000 	 2.8509e-21
970.1000 	 2.8606e-21
970.2000 	 2.8702e-21
970.3000 	 2.8798e-21
970.4000 	 2.8894e-21
970.5000 	 2.8991e-21
970.6000 	 2.9045e-21
970.7000 	 2.9089e-21
970.8000 	 2.9132e-21
970.9000 	 2.9176e-21
971.0000 	 2.9220e-21
971.1000 	 2.9263e-21
971.2000 	 2.9307e-21
971.3000 	 2.9350e-21
971.4000 	 2.9359e-21
971.5000 	 2.9285e-21
971.6000 	 2.9211e-21
971.7000 	 2.9137e-21
971.8000 	 2.9063e-21
971.9000 	 2.8989e-21
972.0000 	 2.8916e-21
972.1000 	 2.8842e-21
972.2000 	 2.8768e-21
972.3000 	 2.8686e-21
972.4000 	 2.8602e-21
972.5000 	 2.8518e-21
972.6000 	 2.8434e-21
972.7000 	 2.8350e-21
972.8000 	 2.8266e-21
972.9000 	 2.8182e-21
973.0000 	 2.8098e-21
973.1000 	 2.8043e-21
973.2000 	 2.8058e-21
973.3000 	 2.8073e-21
973.4000 	 2.8088e-21
973.5000 	 2.8102e-21
973.6000 	 2.8117e-21
973.7000 	 2.8132e-21
973.8000 	 2.8146e-21
973.9000 	 2.8161e-21
974.0000 	 2.8207e-21
974.1000 	 2.8376e-21
974.2000 	 2.8546e-21
974.3000 	 2.8715e-21
974.4000 	 2.8885e-21
974.5000 	 2.9054e-21
974.6000 	 2.9224e-21
974.7000 	 2.9393e-21
974.8000 	 2.9710e-21
974.9000 	 3.0043e-21
975.0000 	 3.0376e-21
975.1000 	 3.0709e-21
975.2000 	 3.1042e-21
975.3000 	 3.1452e-21
975.4000 	 3.1940e-21
975.5000 	 3.2428e-21
975.6000 	 3.2982e-21
975.7000 	 3.3635e-21
975.8000 	 3.4288e-21
975.9000 	 3.4937e-21
976.0000 	 3.5574e-21
976.1000 	 3.6211e-21
976.2000 	 3.6848e-21
976.3000 	 3.7764e-21
976.4000 	 3.8744e-21
976.5000 	 3.9668e-21
976.6000 	 4.0467e-21
976.7000 	 4.1079e-21
976.8000 	 4.1691e-21
976.9000 	 4.2303e-21
977.0000 	 4.2940e-21
977.1000 	 4.3577e-21
977.2000 	 4.4213e-21
977.3000 	 4.4947e-21
977.4000 	 4.5744e-21
977.5000 	 4.6446e-21
977.6000 	 4.7137e-21
977.7000 	 4.8236e-21
977.8000 	 4.9237e-21
977.9000 	 5.0140e-21
978.0000 	 5.1059e-21
978.1000 	 5.1984e-21
978.2000 	 5.2929e-21
978.3000 	 5.3954e-21
978.4000 	 5.5101e-21
978.5000 	 5.6167e-21
978.6000 	 5.7213e-21
978.7000 	 5.8284e-21
978.8000 	 5.9372e-21
978.9000 	 6.0462e-21
979.0000 	 6.1554e-21
979.1000 	 6.3017e-21
979.2000 	 6.4132e-21
979.3000 	 6.5159e-21
979.4000 	 6.6166e-21
979.5000 	 6.7149e-21
979.6000 	 6.8093e-21
979.7000 	 6.9081e-21
979.8000 	 7.0089e-21
979.9000 	 7.1034e-21
980.0000 	 7.1946e-21
980.1000 	 7.2782e-21
980.2000 	 7.3571e-21
980.3000 	 7.3936e-21
980.4000 	 7.4301e-21
980.5000 	 7.4665e-21
980.6000 	 7.5030e-21
980.7000 	 7.4834e-21
980.8000 	 7.4497e-21
980.9000 	 7.4161e-21
981.0000 	 7.3800e-21
981.1000 	 7.3214e-21
981.2000 	 7.2629e-21
981.3000 	 7.1618e-21
981.4000 	 6.9621e-21
981.5000 	 6.8305e-21
981.6000 	 6.6586e-21
981.7000 	 6.5980e-21
981.8000 	 6.3825e-21
981.9000 	 6.2549e-21
982.0000 	 6.0700e-21
982.1000 	 5.8290e-21
982.2000 	 5.6382e-21
982.3000 	 5.4474e-21
982.4000 	 5.2690e-21
982.5000 	 5.1412e-21
982.6000 	 4.9895e-21
982.7000 	 4.8397e-21
982.8000 	 4.6788e-21
982.9000 	 4.5495e-21
983.0000 	 4.4079e-21
983.1000 	 4.2309e-21
983.2000 	 4.1720e-21
983.3000 	 4.1130e-21
983.4000 	 4.0482e-21
983.5000 	 3.9302e-21
983.6000 	 3.8276e-21
983.7000 	 3.7352e-21
983.8000 	 3.6466e-21
983.9000 	 3.5601e-21
984.0000 	 3.4804e-21
984.1000 	 3.4222e-21
984.2000 	 3.3857e-21
984.3000 	 3.3492e-21
984.4000 	 3.3127e-21
984.5000 	 3.2770e-21
984.6000 	 3.2443e-21
984.7000 	 3.2117e-21
984.8000 	 3.1790e-21
984.9000 	 3.1464e-21
985.0000 	 3.1147e-21
985.1000 	 3.0922e-21
985.2000 	 3.0697e-21
985.3000 	 3.0471e-21
985.4000 	 3.0246e-21
985.5000 	 3.0020e-21
985.6000 	 2.9825e-21
985.7000 	 2.9674e-21
985.8000 	 2.9524e-21
985.9000 	 2.9373e-21
986.0000 	 2.9223e-21
986.1000 	 2.9072e-21
986.2000 	 2.8922e-21
986.3000 	 2.8771e-21
986.4000 	 2.8561e-21
986.5000 	 2.8290e-21
986.6000 	 2.8020e-21
986.7000 	 2.7749e-21
986.8000 	 2.7478e-21
986.9000 	 2.7226e-21
987.0000 	 2.7002e-21
987.1000 	 2.6778e-21
987.2000 	 2.6554e-21
987.3000 	 2.6330e-21
987.4000 	 2.6106e-21
987.5000 	 2.5882e-21
987.6000 	 2.5652e-21
987.7000 	 2.5416e-21
987.8000 	 2.5180e-21
987.9000 	 2.4943e-21
988.0000 	 2.4707e-21
988.1000 	 2.4471e-21
988.2000 	 2.4235e-21
988.3000 	 2.4004e-21
988.4000 	 2.3776e-21
988.5000 	 2.3548e-21
988.6000 	 2.3320e-21
988.7000 	 2.3091e-21
988.8000 	 2.2863e-21
988.9000 	 2.2635e-21
989.0000 	 2.2470e-21
989.1000 	 2.2313e-21
989.2000 	 2.2156e-21
989.3000 	 2.1998e-21
989.4000 	 2.1841e-21
989.5000 	 2.1683e-21
989.6000 	 2.1526e-21
989.7000 	 2.1368e-21
989.8000 	 2.1207e-21
989.9000 	 2.1039e-21
990.0000 	 2.0871e-21
990.1000 	 2.0703e-21
990.2000 	 2.0535e-21
990.3000 	 2.0367e-21
990.4000 	 2.0199e-21
990.5000 	 2.0031e-21
990.6000 	 1.9863e-21
990.7000 	 1.9695e-21
990.8000 	 1.9527e-21
990.9000 	 1.9359e-21
991.0000 	 1.9191e-21
991.1000 	 1.9023e-21
991.2000 	 1.8855e-21
991.3000 	 1.8688e-21
991.4000 	 1.8520e-21
991.5000 	 1.8306e-21
991.6000 	 1.8024e-21
991.7000 	 1.7742e-21
991.8000 	 1.7460e-21
991.9000 	 1.7178e-21
992.0000 	 1.6896e-21
992.1000 	 1.6668e-21
992.2000 	 1.6441e-21
992.3000 	 1.6213e-21
992.4000 	 1.5986e-21
992.5000 	 1.5758e-21
992.6000 	 1.5530e-21
992.7000 	 1.5274e-21
992.8000 	 1.5007e-21
992.9000 	 1.4739e-21
993.0000 	 1.4471e-21
993.1000 	 1.4203e-21
993.2000 	 1.3942e-21
993.3000 	 1.3691e-21
993.4000 	 1.3440e-21
993.5000 	 1.3189e-21
993.6000 	 1.2939e-21
993.7000 	 1.2698e-21
993.8000 	 1.2498e-21
993.9000 	 1.2298e-21
994.0000 	 1.2099e-21
994.1000 	 1.1899e-21
994.2000 	 1.1699e-21
994.3000 	 1.1508e-21
994.4000 	 1.1321e-21
994.5000 	 1.1134e-21
994.6000 	 1.0947e-21
994.7000 	 1.0761e-21
994.8000 	 1.0574e-21
994.9000 	 1.0387e-21
995.0000 	 1.0218e-21
995.1000 	 1.0060e-21
995.2000 	 9.9027e-22
995.3000 	 9.7453e-22
995.4000 	 9.5879e-22
995.5000 	 9.4304e-22
995.6000 	 9.2730e-22
995.7000 	 9.1156e-22
995.8000 	 8.9927e-22
995.9000 	 8.8786e-22
996.0000 	 8.7644e-22
996.1000 	 8.6502e-22
996.2000 	 8.5360e-22
996.3000 	 8.4218e-22
996.4000 	 8.3076e-22
996.5000 	 8.1934e-22
996.6000 	 8.0833e-22
996.7000 	 7.9825e-22
996.8000 	 7.8817e-22
996.9000 	 7.7810e-22
997.0000 	 7.6802e-22
997.1000 	 7.5794e-22
997.2000 	 7.4787e-22
997.3000 	 7.3779e-22
997.4000 	 7.2772e-22
997.5000 	 7.1871e-22
997.6000 	 7.0998e-22
997.7000 	 7.0125e-22
997.8000 	 6.9252e-22
997.9000 	 6.8379e-22
998.0000 	 6.7506e-22
998.1000 	 6.6632e-22
998.2000 	 6.5759e-22
998.3000 	 6.4919e-22
998.4000 	 6.4155e-22
998.5000 	 6.3392e-22
998.6000 	 6.2628e-22
998.7000 	 6.1865e-22
998.8000 	 6.1102e-22
998.9000 	 6.0338e-22
999.0000 	 5.9575e-22
999.1000 	 5.8811e-22
999.2000 	 5.8041e-22
999.3000 	 5.7269e-22
999.4000 	 5.6497e-22
999.5000 	 5.5724e-22
999.6000 	 5.4952e-22
999.7000 	 5.4180e-22
999.8000 	 5.3407e-22
999.9000 	 5.2635e-22
1000.0000 	 5.1885e-22
1000.1000 	 5.1223e-22
1000.2000 	 5.0562e-22
1000.3000 	 4.9900e-22
1000.4000 	 4.9239e-22
1000.5000 	 4.8577e-22
1000.6000 	 4.7916e-22
1000.7000 	 4.7254e-22
1000.8000 	 4.6593e-22
1000.9000 	 4.6117e-22
1001.0000 	 4.5641e-22
1001.1000 	 4.5165e-22
1001.2000 	 4.4689e-22
1001.3000 	 4.4214e-22
1001.4000 	 4.3738e-22
1001.5000 	 4.3262e-22
1001.6000 	 4.2786e-22
1001.7000 	 4.2310e-22
1001.8000 	 4.1882e-22
1001.9000 	 4.1454e-22
1002.0000 	 4.1026e-22
1002.1000 	 4.0598e-22
1002.2000 	 4.0169e-22
1002.3000 	 3.9741e-22
1002.4000 	 3.9313e-22
1002.5000 	 3.8885e-22
1002.6000 	 3.8600e-22
1002.7000 	 3.8314e-22
1002.8000 	 3.8029e-22
1002.9000 	 3.7743e-22
1003.0000 	 3.7458e-22
1003.1000 	 3.7172e-22
1003.2000 	 3.6887e-22
1003.3000 	 3.6601e-22
1003.4000 	 3.6316e-22
1003.5000 	 3.6137e-22
1003.6000 	 3.5959e-22
1003.7000 	 3.5780e-22
1003.8000 	 3.5602e-22
1003.9000 	 3.5424e-22
1004.0000 	 3.5245e-22
1004.1000 	 3.5067e-22
1004.2000 	 3.4888e-22
1004.3000 	 3.4698e-22
1004.4000 	 3.4507e-22
1004.5000 	 3.4317e-22
1004.6000 	 3.4127e-22
1004.7000 	 3.3936e-22
1004.8000 	 3.3746e-22
1004.9000 	 3.3556e-22
1005.0000 	 3.3365e-22
1005.1000 	 3.3175e-22
1005.2000 	 3.2854e-22
1005.3000 	 3.2533e-22
1005.4000 	 3.2212e-22
1005.5000 	 3.1890e-22
1005.6000 	 3.1569e-22
1005.7000 	 3.1248e-22
1005.8000 	 3.0927e-22
1005.9000 	 3.0606e-22
1006.0000 	 3.0352e-22
1006.1000 	 3.0098e-22
1006.2000 	 2.9845e-22
1006.3000 	 2.9591e-22
1006.4000 	 2.9337e-22
1006.5000 	 2.9083e-22
1006.6000 	 2.8830e-22
1006.7000 	 2.8576e-22
1006.8000 	 2.8322e-22
1006.9000 	 2.8179e-22
1007.0000 	 2.8037e-22
1007.1000 	 2.7894e-22
1007.2000 	 2.7751e-22
1007.3000 	 2.7609e-22
1007.4000 	 2.7466e-22
1007.5000 	 2.7324e-22
1007.6000 	 2.7181e-22
1007.7000 	 2.7181e-22
1007.8000 	 2.7181e-22
1007.9000 	 2.7181e-22
1008.0000 	 2.7181e-22
1008.1000 	 2.7181e-22
1008.2000 	 2.7181e-22
1008.3000 	 2.7181e-22
1008.4000 	 2.7181e-22
1008.5000 	 2.7181e-22
1008.6000 	 2.7181e-22
1008.7000 	 2.7181e-22
1008.8000 	 2.7181e-22
1008.9000 	 2.7181e-22
1009.0000 	 2.7181e-22
1009.1000 	 2.7181e-22
1009.2000 	 2.7181e-22
1009.3000 	 2.7181e-22
1009.4000 	 2.7181e-22
1009.5000 	 2.7181e-22
1009.6000 	 2.7181e-22
1009.7000 	 2.7181e-22
1009.8000 	 2.7181e-22
1009.9000 	 2.7181e-22
1010.0000 	 2.7181e-22
1010.1000 	 2.7181e-22
1010.2000 	 2.7181e-22
1010.3000 	 2.6967e-22
1010.4000 	 2.6753e-22
1010.5000 	 2.6539e-22
1010.6000 	 2.6325e-22
1010.7000 	 2.6110e-22
1010.8000 	 2.5896e-22
1010.9000 	 2.5682e-22
1011.0000 	 2.5468e-22
1011.1000 	 2.5373e-22
1011.2000 	 2.5278e-22
1011.3000 	 2.5182e-22
1011.4000 	 2.5087e-22
1011.5000 	 2.4992e-22
1011.6000 	 2.4897e-22
1011.7000 	 2.4801e-22
1011.8000 	 2.4706e-22
1011.9000 	 2.4611e-22
1012.0000 	 2.4290e-22
1012.1000 	 2.3969e-22
1012.2000 	 2.3648e-22
1012.3000 	 2.3327e-22
1012.4000 	 2.3005e-22
1012.5000 	 2.2684e-22
1012.6000 	 2.2363e-22
1012.7000 	 2.2042e-22
1012.8000 	 2.1979e-22
1012.9000 	 2.1915e-22
1013.0000 	 2.1852e-22
1013.1000 	 2.1788e-22
1013.2000 	 2.1725e-22
1013.3000 	 2.1661e-22
1013.4000 	 2.1598e-22
1013.5000 	 2.1534e-22
1013.6000 	 2.1471e-22
1013.7000 	 2.1344e-22
1013.8000 	 2.1217e-22
1013.9000 	 2.1090e-22
1014.0000 	 2.0963e-22
1014.1000 	 2.0837e-22
1014.2000 	 2.0710e-22
1014.3000 	 2.0583e-22
1014.4000 	 2.0456e-22
1014.5000 	 2.0329e-22
1014.6000 	 2.0115e-22
1014.7000 	 1.9901e-22
1014.8000 	 1.9687e-22
1014.9000 	 1.9473e-22
1015.0000 	 1.9258e-22
1015.1000 	 1.9044e-22
1015.2000 	 1.8830e-22
1015.3000 	 1.8616e-22
1015.4000 	 1.8616e-22
1015.5000 	 1.8616e-22
1015.6000 	 1.8616e-22
1015.7000 	 1.8616e-22
1015.8000 	 1.8616e-22
1015.9000 	 1.8616e-22
1016.0000 	 1.8616e-22
1016.1000 	 1.8616e-22
1016.2000 	 1.8616e-22
1016.3000 	 1.8545e-22
1016.4000 	 1.8473e-22
1016.5000 	 1.8402e-22
1016.6000 	 1.8330e-22
1016.7000 	 1.8259e-22
1016.8000 	 1.8188e-22
1016.9000 	 1.8116e-22
1017.0000 	 1.8045e-22
1017.1000 	 1.7791e-22
1017.2000 	 1.7538e-22
1017.3000 	 1.7284e-22
1017.4000 	 1.7030e-22
1017.5000 	 1.6777e-22
1017.6000 	 1.6523e-22
1017.7000 	 1.6269e-22
1017.8000 	 1.6016e-22
1017.9000 	 1.5762e-22
1018.0000 	 1.5655e-22
1018.1000 	 1.5548e-22
1018.2000 	 1.5441e-22
1018.3000 	 1.5334e-22
1018.4000 	 1.5226e-22
1018.5000 	 1.5119e-22
1018.6000 	 1.5012e-22
1018.7000 	 1.4905e-22
1018.8000 	 1.4683e-22
1018.9000 	 1.4461e-22
1019.0000 	 1.4239e-22
1019.1000 	 1.4017e-22
1019.2000 	 1.3795e-22
1019.3000 	 1.3573e-22
1019.4000 	 1.3351e-22
1019.5000 	 1.3129e-22
1019.6000 	 1.2907e-22
1019.7000 	 1.2907e-22
1019.8000 	 1.2907e-22
1019.9000 	 1.2907e-22
1020.0000 	 1.2907e-22
1020.1000 	 1.2907e-22
1020.2000 	 1.2907e-22
1020.3000 	 1.2907e-22
1020.4000 	 1.2907e-22
1020.5000 	 1.2907e-22
1020.6000 	 1.2907e-22
1020.7000 	 1.2907e-22
1020.8000 	 1.2907e-22
1020.9000 	 1.2907e-22
1021.0000 	 1.2907e-22
1021.1000 	 1.2907e-22
1021.2000 	 1.2907e-22
1021.3000 	 1.2907e-22
1021.4000 	 1.2907e-22
1021.5000 	 1.2907e-22
1021.6000 	 1.2907e-22
1021.7000 	 1.2907e-22
1021.8000 	 1.2907e-22
1021.9000 	 1.2907e-22
1022.0000 	 1.2907e-22
1022.1000 	 1.2907e-22
1022.2000 	 1.2907e-22
1022.3000 	 1.2907e-22
1022.4000 	 1.2907e-22
1022.5000 	 1.2907e-22
1022.6000 	 1.2907e-22
1022.7000 	 1.2907e-22
1022.8000 	 1.2907e-22
1022.9000 	 1.2907e-22
1023.0000 	 1.2907e-22
1023.1000 	 1.2693e-22
1023.2000 	 1.2479e-22
1023.3000 	 1.2265e-22
1023.4000 	 1.2050e-22
1023.5000 	 1.1836e-22
1023.6000 	 1.1622e-22
1023.7000 	 1.1408e-22
1023.8000 	 1.1194e-22
1023.9000 	 1.1067e-22
1024.0000 	 1.0940e-22
1024.1000 	 1.0813e-22
1024.2000 	 1.0686e-22
1024.3000 	 1.0560e-22
1024.4000 	 1.0433e-22
1024.5000 	 1.0306e-22
1024.6000 	 1.0179e-22
1024.7000 	 1.0052e-22
1024.8000 	 1.0052e-22
1024.9000 	 1.0052e-22
1025.0000 	 1.0052e-22
1025.1000 	 1.0052e-22
1025.2000 	 1.0052e-22
1025.3000 	 1.0052e-22
1025.4000 	 1.0052e-22
1025.5000 	 1.0052e-22
1025.6000 	 1.0052e-22
1025.7000 	 1.0052e-22
1025.8000 	 1.0052e-22
1025.9000 	 1.0052e-22
1026.0000 	 1.0052e-22
1026.1000 	 1.0052e-22
1026.2000 	 1.0052e-22
1026.3000 	 1.0052e-22
1026.4000 	 1.0052e-22
1026.5000 	 1.0052e-22
1026.6000 	 1.0052e-22
1026.7000 	 1.0052e-22
1026.8000 	 1.0052e-22
1026.9000 	 1.0052e-22
1027.0000 	 1.0052e-22
1027.1000 	 1.0052e-22
1027.2000 	 1.0052e-22
1027.3000 	 1.0052e-22
1027.4000 	 1.0052e-22
1027.5000 	 1.0052e-22
1027.6000 	 1.0052e-22
1027.7000 	 1.0052e-22
1027.8000 	 1.0052e-22
1027.9000 	 1.0052e-22
1028.0000 	 1.0052e-22
1028.1000 	 1.0052e-22
1028.2000 	 1.0052e-22
1028.3000 	 1.0052e-22
1028.4000 	 1.0052e-22
1028.5000 	 1.0052e-22
1028.6000 	 1.0052e-22
1028.7000 	 1.0052e-22
1028.8000 	 1.0052e-22
1028.9000 	 1.0052e-22
1029.0000 	 9.9569e-23
1029.1000 	 9.8617e-23
1029.2000 	 9.7666e-23
1029.3000 	 9.6715e-23
1029.4000 	 9.5763e-23
1029.5000 	 9.4812e-23
1029.6000 	 9.3861e-23
1029.7000 	 9.2909e-23
1029.8000 	 9.1958e-23
1029.9000 	 9.1958e-23
1030.0000 	 9.1958e-23
1030.1000 	 9.1958e-23
1030.2000 	 9.1958e-23
1030.3000 	 9.1958e-23
1030.4000 	 9.1958e-23
1030.5000 	 9.1958e-23
1030.6000 	 9.1958e-23
1030.7000 	 9.1324e-23
1030.8000 	 9.0689e-23
1030.9000 	 9.0055e-23
1031.0000 	 8.9421e-23
1031.1000 	 8.8786e-23
1031.2000 	 8.8152e-23
1031.3000 	 8.7518e-23
1031.4000 	 8.6883e-23
1031.5000 	 8.6249e-23
1031.6000 	 8.6249e-23
1031.7000 	 8.6249e-23
1031.8000 	 8.6249e-23
1031.9000 	 8.6249e-23
1032.0000 	 8.6249e-23
1032.1000 	 8.6249e-23
1032.2000 	 8.6249e-23
1032.3000 	 8.6249e-23
1032.4000 	 8.6249e-23
1032.5000 	 8.6249e-23
1032.6000 	 8.6249e-23
1032.7000 	 8.6249e-23
1032.8000 	 8.6249e-23
1032.9000 	 8.6249e-23
1033.0000 	 8.6249e-23
1033.1000 	 8.6249e-23
1033.2000 	 8.6249e-23
1033.3000 	 8.6249e-23
1033.4000 	 8.6249e-23
1033.5000 	 8.6249e-23
1033.6000 	 8.6249e-23
1033.7000 	 8.6249e-23
1033.8000 	 8.6249e-23
1033.9000 	 8.6249e-23
1034.0000 	 8.6249e-23
1034.1000 	 8.6249e-23
1034.2000 	 8.6249e-23
1034.3000 	 8.6249e-23
1034.4000 	 8.6249e-23
1034.5000 	 8.6249e-23
1034.6000 	 8.6249e-23
1034.7000 	 8.6249e-23
1034.8000 	 8.6249e-23
1034.9000 	 8.6249e-23
1035.0000 	 8.6249e-23
1035.1000 	 8.6249e-23
1035.2000 	 8.6249e-23
1035.3000 	 8.6249e-23
1035.4000 	 8.6249e-23
1035.5000 	 8.6249e-23
1035.6000 	 8.6249e-23
1035.7000 	 8.6249e-23
1035.8000 	 8.4663e-23
1035.9000 	 8.3077e-23
1036.0000 	 8.1491e-23
1036.1000 	 7.9905e-23
1036.2000 	 7.8319e-23
1036.3000 	 7.6733e-23
1036.4000 	 7.5147e-23
1036.5000 	 7.3561e-23
1036.6000 	 7.1975e-23
1036.7000 	 7.1975e-23
1036.8000 	 7.1975e-23
1036.9000 	 7.1975e-23
1037.0000 	 7.1975e-23
1037.1000 	 7.1975e-23
1037.2000 	 7.1975e-23
1037.3000 	 7.1975e-23
1037.4000 	 7.1975e-23
1037.5000 	 7.2609e-23
1037.6000 	 7.3244e-23
1037.7000 	 7.3878e-23
1037.8000 	 7.4513e-23
1037.9000 	 7.5147e-23
1038.0000 	 7.5782e-23
1038.1000 	 7.6416e-23
1038.2000 	 7.7051e-23
1038.3000 	 7.7685e-23
1038.4000 	 7.7685e-23
1038.5000 	 7.7685e-23
1038.6000 	 7.7685e-23
1038.7000 	 7.7685e-23
1038.8000 	 7.7685e-23
1038.9000 	 7.7685e-23
1039.0000 	 7.7685e-23
1039.1000 	 7.7685e-23
1039.2000 	 7.7685e-23
1039.3000 	 7.7685e-23
1039.4000 	 7.7685e-23
1039.5000 	 7.7685e-23
1039.6000 	 7.7685e-23
1039.7000 	 7.7685e-23
1039.8000 	 7.7685e-23
1039.9000 	 7.7685e-23
1040.0000 	 7.7685e-23
1040.1000 	 7.7685e-23
1040.2000 	 7.7685e-23
1040.3000 	 7.7685e-23
1040.4000 	 7.7685e-23
1040.5000 	 7.7685e-23
1040.6000 	 7.7685e-23
1040.7000 	 7.7685e-23
1040.8000 	 7.7685e-23
1040.9000 	 7.7685e-23
1041.0000 	 7.7685e-23
1041.1000 	 7.7685e-23
1041.2000 	 7.7685e-23
1041.3000 	 7.7685e-23
1041.4000 	 7.7685e-23
1041.5000 	 7.7685e-23
1041.6000 	 7.7685e-23
1041.7000 	 7.7685e-23
1041.8000 	 7.7685e-23
1041.9000 	 7.7685e-23
1042.0000 	 7.7685e-23
1042.1000 	 7.7685e-23
1042.2000 	 7.7685e-23
1042.3000 	 7.7685e-23
1042.4000 	 7.7685e-23
1042.5000 	 7.7685e-23
1042.6000 	 7.7685e-23
1042.7000 	 7.7685e-23
1042.8000 	 7.7685e-23
1042.9000 	 7.7685e-23
1043.0000 	 7.7685e-23
1043.1000 	 7.7685e-23
1043.2000 	 7.7685e-23
1043.3000 	 7.7685e-23
1043.4000 	 7.7685e-23
1043.5000 	 7.7685e-23
1043.6000 	 7.7685e-23
1043.7000 	 7.7685e-23
1043.8000 	 7.7685e-23
1043.9000 	 7.7685e-23
1044.0000 	 7.7685e-23
1044.1000 	 7.7685e-23
1044.2000 	 7.7685e-23
1044.3000 	 7.7685e-23
1044.4000 	 7.7685e-23
1044.5000 	 7.7685e-23
1044.6000 	 7.7685e-23
1044.7000 	 7.7685e-23
1044.8000 	 7.7685e-23
1044.9000 	 7.7685e-23
1045.0000 	 7.7685e-23
1045.1000 	 7.7685e-23
1045.2000 	 7.7685e-23
1045.3000 	 7.7685e-23
1045.4000 	 7.7685e-23
1045.5000 	 7.7685e-23
1045.6000 	 7.7685e-23
1045.7000 	 7.7685e-23
1045.8000 	 7.7685e-23
1045.9000 	 7.7685e-23
1046.0000 	 7.7685e-23
1046.1000 	 7.7685e-23
1046.2000 	 7.7685e-23
1046.3000 	 7.7685e-23
1046.4000 	 7.7685e-23
1046.5000 	 7.7685e-23
1046.6000 	 7.7685e-23
1046.7000 	 7.7685e-23
1046.8000 	 7.7685e-23
1046.9000 	 7.7685e-23
1047.0000 	 7.7685e-23
1047.1000 	 7.7685e-23
1047.2000 	 7.7685e-23
1047.3000 	 7.7685e-23
1047.4000 	 7.7685e-23
1047.5000 	 7.7685e-23
1047.6000 	 7.7685e-23
1047.7000 	 7.7685e-23
1047.8000 	 7.7685e-23
1047.9000 	 7.7685e-23
1048.0000 	 7.7685e-23
1048.1000 	 7.7685e-23
1048.2000 	 7.7685e-23
1048.3000 	 7.7685e-23
1048.4000 	 7.7685e-23
1048.5000 	 7.7685e-23
1048.6000 	 7.7685e-23
1048.7000 	 7.7685e-23
1048.8000 	 7.7685e-23
1048.9000 	 7.7685e-23
1049.0000 	 7.7685e-23
1049.1000 	 7.7685e-23
1049.2000 	 7.7685e-23
1049.3000 	 7.7685e-23
1049.4000 	 7.7685e-23
1049.5000 	 7.7685e-23
1049.6000 	 7.7685e-23
1049.7000 	 7.7685e-23
1049.8000 	 7.7685e-23
1049.9000 	 7.7685e-23
1050.0000 	 7.7685e-23
1050.1000 	 7.7685e-23
1050.2000 	 7.7685e-23
1050.3000 	 7.7685e-23
1050.4000 	 7.7685e-23
1050.5000 	 7.7685e-23
1050.6000 	 7.7685e-23
1050.7000 	 7.7685e-23
1050.8000 	 7.7685e-23
1050.9000 	 7.7685e-23
1051.0000 	 7.7685e-23
1051.1000 	 7.7685e-23
1051.2000 	 7.7685e-23
1051.3000 	 7.7685e-23
1051.4000 	 7.7685e-23
1051.5000 	 7.7685e-23
1051.6000 	 7.7685e-23
1051.7000 	 7.7685e-23
1051.8000 	 7.7685e-23
1051.9000 	 7.7685e-23
1052.0000 	 7.7685e-23
1052.1000 	 7.7685e-23
1052.2000 	 7.7685e-23
1052.3000 	 7.7685e-23
1052.4000 	 7.7685e-23
1052.5000 	 7.7685e-23
1052.6000 	 7.7685e-23
1052.7000 	 7.7685e-23
1052.8000 	 7.7685e-23
1052.9000 	 7.7685e-23
1053.0000 	 7.7685e-23
1053.1000 	 7.7685e-23
1053.2000 	 7.7685e-23
1053.3000 	 7.7685e-23
1053.4000 	 7.7685e-23
1053.5000 	 7.7685e-23
1053.6000 	 7.7685e-23
1053.7000 	 7.7685e-23
1053.8000 	 7.7685e-23
1053.9000 	 7.7685e-23
1054.0000 	 7.7685e-23
1054.1000 	 7.7685e-23
1054.2000 	 7.7685e-23
1054.3000 	 7.7685e-23
1054.4000 	 7.7685e-23
1054.5000 	 7.7685e-23
1054.6000 	 7.7685e-23
1054.7000 	 7.7685e-23
1054.8000 	 7.7685e-23
1054.9000 	 7.7685e-23
1055.0000 	 7.7685e-23
1055.1000 	 7.7685e-23
1055.2000 	 7.7685e-23
1055.3000 	 7.7685e-23
1055.4000 	 7.7685e-23
1055.5000 	 7.7685e-23
1055.6000 	 7.7685e-23
1055.7000 	 7.7685e-23
1055.8000 	 7.7685e-23
1055.9000 	 7.7685e-23
1056.0000 	 7.7685e-23
1056.1000 	 7.7685e-23
1056.2000 	 7.7685e-23
1056.3000 	 7.7685e-23
1056.4000 	 7.7685e-23
1056.5000 	 7.7685e-23
1056.6000 	 7.7685e-23
1056.7000 	 7.7685e-23
1056.8000 	 7.7685e-23
1056.9000 	 7.7685e-23
1057.0000 	 7.7685e-23
1057.1000 	 7.7685e-23
1057.2000 	 7.7685e-23
1057.3000 	 7.7685e-23
1057.4000 	 7.7685e-23
1057.5000 	 7.7685e-23
1057.6000 	 7.7685e-23
1057.7000 	 7.7685e-23
1057.8000 	 7.7685e-23
1057.9000 	 7.7685e-23
1058.0000 	 7.7685e-23
1058.1000 	 7.7685e-23
1058.2000 	 7.7685e-23
1058.3000 	 7.7685e-23
1058.4000 	 7.7685e-23
1058.5000 	 7.7685e-23
1058.6000 	 7.7685e-23
1058.7000 	 7.7685e-23
1058.8000 	 7.7685e-23
1058.9000 	 7.7685e-23
1059.0000 	 7.7685e-23
1059.1000 	 7.7685e-23
1059.2000 	 7.7685e-23
1059.3000 	 7.7685e-23
1059.4000 	 7.7685e-23
1059.5000 	 7.7685e-23
1059.6000 	 7.7685e-23
1059.7000 	 7.7685e-23
1059.8000 	 7.7685e-23
1059.9000 	 7.7685e-23
1060.0000 	 7.7685e-23
1060.1000 	 7.7685e-23
1060.2000 	 7.7685e-23
1060.3000 	 7.7685e-23
1060.4000 	 7.7685e-23
1060.5000 	 7.7685e-23
1060.6000 	 7.7685e-23
1060.7000 	 7.7685e-23
1060.8000 	 7.7685e-23
1060.9000 	 7.7685e-23
1061.0000 	 7.7685e-23
1061.1000 	 7.7685e-23
1061.2000 	 7.7685e-23
1061.3000 	 7.7685e-23
1061.4000 	 7.7685e-23
1061.5000 	 7.7685e-23
1061.6000 	 7.7685e-23
1061.7000 	 7.7685e-23
1061.8000 	 7.7685e-23
1061.9000 	 7.7685e-23
1062.0000 	 7.7685e-23
1062.1000 	 7.7685e-23
1062.2000 	 7.7685e-23
1062.3000 	 7.7685e-23
1062.4000 	 7.7685e-23
1062.5000 	 7.7685e-23
1062.6000 	 7.7685e-23
1062.7000 	 7.7685e-23
1062.8000 	 7.7685e-23
1062.9000 	 7.7685e-23
1063.0000 	 7.7685e-23
1063.1000 	 7.7685e-23
1063.2000 	 7.7685e-23
1063.3000 	 7.7685e-23
1063.4000 	 7.7685e-23
1063.5000 	 7.7685e-23
1063.6000 	 7.7685e-23
1063.7000 	 7.7685e-23
1063.8000 	 7.7685e-23
1063.9000 	 7.7685e-23
1064.0000 	 7.7685e-23
1064.1000 	 7.7685e-23
1064.2000 	 7.7685e-23
1064.3000 	 7.7685e-23
1064.4000 	 7.7685e-23
1064.5000 	 7.7685e-23
1064.6000 	 7.7685e-23
1064.7000 	 7.7685e-23
1064.8000 	 7.7685e-23
1064.9000 	 7.7685e-23
1065.0000 	 7.7685e-23
1065.1000 	 7.7685e-23
1065.2000 	 7.7685e-23
1065.3000 	 7.7685e-23
1065.4000 	 7.7685e-23
1065.5000 	 7.7685e-23
1065.6000 	 7.7685e-23
1065.7000 	 7.7685e-23
1065.8000 	 7.7685e-23
1065.9000 	 7.7685e-23
1066.0000 	 7.7685e-23
1066.1000 	 7.7685e-23
1066.2000 	 7.7685e-23
1066.3000 	 7.7685e-23
1066.4000 	 7.7685e-23
1066.5000 	 7.7685e-23
1066.6000 	 7.7685e-23
1066.7000 	 7.7685e-23
1066.8000 	 7.7685e-23
1066.9000 	 7.7685e-23
1067.0000 	 7.7685e-23
1067.1000 	 7.7685e-23
1067.2000 	 7.7685e-23
1067.3000 	 7.7685e-23
1067.4000 	 7.7685e-23
1067.5000 	 7.7685e-23
1067.6000 	 7.7685e-23
1067.7000 	 7.7685e-23
1067.8000 	 7.7685e-23
1067.9000 	 7.7685e-23
1068.0000 	 7.7685e-23
1068.1000 	 7.7685e-23
1068.2000 	 7.7685e-23
1068.3000 	 7.7685e-23
1068.4000 	 7.7685e-23
1068.5000 	 7.7685e-23
1068.6000 	 7.7685e-23
1068.7000 	 7.7685e-23
1068.8000 	 7.7685e-23
1068.9000 	 7.7685e-23
1069.0000 	 7.7685e-23
1069.1000 	 7.7685e-23
1069.2000 	 7.7685e-23
1069.3000 	 7.7685e-23
1069.4000 	 7.7685e-23
1069.5000 	 7.7685e-23
1069.6000 	 7.7685e-23
1069.7000 	 7.7685e-23
1069.8000 	 7.7685e-23
1069.9000 	 7.7685e-23
1070.0000 	 7.7685e-23
1070.1000 	 7.7685e-23
1070.2000 	 7.7685e-23
1070.3000 	 7.7685e-23
1070.4000 	 7.7685e-23
1070.5000 	 7.7685e-23
1070.6000 	 7.7685e-23
1070.7000 	 7.7685e-23
1070.8000 	 7.7685e-23
1070.9000 	 7.7685e-23
1071.0000 	 7.7685e-23
1071.1000 	 7.7685e-23
1071.2000 	 7.7685e-23
1071.3000 	 7.7685e-23
1071.4000 	 7.7685e-23
1071.5000 	 7.7685e-23
1071.6000 	 7.7685e-23
1071.7000 	 7.7685e-23
1071.8000 	 7.7685e-23
1071.9000 	 7.7685e-23
1072.0000 	 7.7685e-23
1072.1000 	 7.7685e-23
1072.2000 	 7.7685e-23
1072.3000 	 7.7685e-23
1072.4000 	 7.7685e-23
1072.5000 	 7.7685e-23
1072.6000 	 7.7685e-23
1072.7000 	 7.7685e-23
1072.8000 	 7.7685e-23
1072.9000 	 7.7685e-23
1073.0000 	 7.7685e-23
1073.1000 	 7.7685e-23
1073.2000 	 7.7685e-23
1073.3000 	 7.7685e-23
1073.4000 	 7.7685e-23
1073.5000 	 7.7685e-23
1073.6000 	 7.7685e-23
1073.7000 	 7.7685e-23
1073.8000 	 7.7685e-23
1073.9000 	 7.7685e-23
1074.0000 	 7.7685e-23
1074.1000 	 7.7685e-23
1074.2000 	 7.7685e-23
1074.3000 	 7.7685e-23
1074.4000 	 7.7685e-23
1074.5000 	 7.7685e-23
1074.6000 	 7.7685e-23
1074.7000 	 7.7685e-23
1074.8000 	 7.7685e-23
1074.9000 	 7.7685e-23
1075.0000 	 7.7685e-23
1075.1000 	 7.7685e-23
1075.2000 	 7.7685e-23
1075.3000 	 7.7685e-23
1075.4000 	 7.7685e-23
1075.5000 	 7.7685e-23
1075.6000 	 7.7685e-23
1075.7000 	 7.7685e-23
1075.8000 	 7.7685e-23
1075.9000 	 7.7685e-23
1076.0000 	 7.7685e-23
1076.1000 	 7.7685e-23
1076.2000 	 7.7685e-23
1076.3000 	 7.7685e-23
1076.4000 	 7.7685e-23
1076.5000 	 7.7685e-23
1076.6000 	 7.7685e-23
1076.7000 	 7.7685e-23
1076.8000 	 7.7685e-23
1076.9000 	 7.7685e-23
1077.0000 	 7.7685e-23
1077.1000 	 7.7685e-23
1077.2000 	 7.7685e-23
1077.3000 	 7.7685e-23
1077.4000 	 7.7685e-23
1077.5000 	 7.7685e-23
1077.6000 	 7.7685e-23
1077.7000 	 7.7685e-23
1077.8000 	 7.7685e-23
1077.9000 	 7.7685e-23
1078.0000 	 7.7685e-23
1078.1000 	 7.7685e-23
1078.2000 	 7.7685e-23
1078.3000 	 7.7685e-23
1078.4000 	 7.7685e-23
1078.5000 	 7.7685e-23
1078.6000 	 7.7685e-23
1078.7000 	 7.7685e-23
1078.8000 	 7.7685e-23
1078.9000 	 7.7685e-23
1079.0000 	 7.7685e-23
1079.1000 	 7.7685e-23
1079.2000 	 7.7685e-23
1079.3000 	 7.7685e-23
1079.4000 	 7.7685e-23
1079.5000 	 7.7685e-23
1079.6000 	 7.7685e-23
1079.7000 	 7.7685e-23
1079.8000 	 7.7685e-23
1079.9000 	 7.7685e-23
1080.0000 	 7.7685e-23
1080.1000 	 7.7685e-23
1080.2000 	 7.7685e-23
1080.3000 	 7.7685e-23
1080.4000 	 7.7685e-23
1080.5000 	 7.7685e-23
1080.6000 	 7.7685e-23
1080.7000 	 7.7685e-23
1080.8000 	 7.7685e-23
1080.9000 	 7.7685e-23
1081.0000 	 7.7685e-23
1081.1000 	 7.7685e-23
1081.2000 	 7.7685e-23
1081.3000 	 7.7685e-23
1081.4000 	 7.7685e-23
1081.5000 	 7.7685e-23
1081.6000 	 7.7685e-23
1081.7000 	 7.7685e-23
1081.8000 	 7.7685e-23
1081.9000 	 7.7685e-23
1082.0000 	 7.7685e-23
1082.1000 	 7.7685e-23
1082.2000 	 7.7685e-23
1082.3000 	 7.7685e-23
1082.4000 	 7.7685e-23
1082.5000 	 7.7685e-23
1082.6000 	 7.7685e-23
1082.7000 	 7.7685e-23
1082.8000 	 7.7685e-23
1082.9000 	 7.7685e-23
1083.0000 	 7.7685e-23
1083.1000 	 7.7685e-23
1083.2000 	 7.7685e-23
1083.3000 	 7.7685e-23
1083.4000 	 7.7685e-23
1083.5000 	 7.7685e-23
1083.6000 	 7.7685e-23
1083.7000 	 7.7685e-23
1083.8000 	 7.7685e-23
1083.9000 	 7.7685e-23
1084.0000 	 7.7685e-23
1084.1000 	 7.7685e-23
1084.2000 	 7.7685e-23
1084.3000 	 7.7685e-23
1084.4000 	 7.7685e-23
1084.5000 	 7.7685e-23
1084.6000 	 7.7685e-23
1084.7000 	 7.7685e-23
1084.8000 	 7.7685e-23
1084.9000 	 7.7685e-23
1085.0000 	 7.7685e-23
1085.1000 	 7.7685e-23
1085.2000 	 7.7685e-23
1085.3000 	 7.7685e-23
1085.4000 	 7.7685e-23
1085.5000 	 7.7685e-23
1085.6000 	 7.7685e-23
1085.7000 	 7.7685e-23
1085.8000 	 7.7685e-23
1085.9000 	 7.7685e-23
1086.0000 	 7.7685e-23
1086.1000 	 7.7685e-23
1086.2000 	 7.7685e-23
1086.3000 	 7.7685e-23
1086.4000 	 7.7685e-23
1086.5000 	 7.7685e-23
1086.6000 	 7.7685e-23
1086.7000 	 7.7685e-23
1086.8000 	 7.7685e-23
1086.9000 	 7.7685e-23
1087.0000 	 7.7685e-23
1087.1000 	 7.7685e-23
1087.2000 	 7.7685e-23
1087.3000 	 7.7685e-23
1087.4000 	 7.7685e-23
1087.5000 	 7.7685e-23
1087.6000 	 7.7685e-23
1087.7000 	 7.7685e-23
1087.8000 	 7.7685e-23
1087.9000 	 7.7685e-23
1088.0000 	 7.7685e-23
1088.1000 	 7.7685e-23
1088.2000 	 7.7685e-23
1088.3000 	 7.7685e-23
1088.4000 	 7.7685e-23
1088.5000 	 7.7685e-23
1088.6000 	 7.7685e-23
1088.7000 	 7.7685e-23
1088.8000 	 7.7685e-23
1088.9000 	 7.7685e-23
1089.0000 	 7.7685e-23
1089.1000 	 7.7685e-23
1089.2000 	 7.7685e-23
1089.3000 	 7.7685e-23
1089.4000 	 7.7685e-23
1089.5000 	 7.7685e-23
1089.6000 	 7.7685e-23
1089.7000 	 7.7685e-23
1089.8000 	 7.7685e-23
1089.9000 	 7.7685e-23
1090.0000 	 7.7685e-23
1090.1000 	 7.7685e-23
1090.2000 	 7.7685e-23
1090.3000 	 7.7685e-23
1090.4000 	 7.7685e-23
1090.5000 	 7.7685e-23
1090.6000 	 7.7685e-23
1090.7000 	 7.7685e-23
1090.8000 	 7.7685e-23
1090.9000 	 7.7685e-23
1091.0000 	 7.7685e-23
1091.1000 	 7.7685e-23
1091.2000 	 7.7685e-23
1091.3000 	 7.7685e-23
1091.4000 	 7.7685e-23
1091.5000 	 7.7685e-23
1091.6000 	 7.7685e-23
1091.7000 	 7.7685e-23
1091.8000 	 7.7685e-23
1091.9000 	 7.7685e-23
1092.0000 	 7.7685e-23
1092.1000 	 7.7685e-23
1092.2000 	 7.7685e-23
1092.3000 	 7.7685e-23
1092.4000 	 7.7685e-23
1092.5000 	 7.7685e-23
1092.6000 	 7.7685e-23
1092.7000 	 7.7685e-23
1092.8000 	 7.7685e-23
1092.9000 	 7.7685e-23
1093.0000 	 7.7685e-23
1093.1000 	 7.7685e-23
1093.2000 	 7.7685e-23
1093.3000 	 7.7685e-23
1093.4000 	 7.7685e-23
1093.5000 	 7.7685e-23
1093.6000 	 7.7685e-23
1093.7000 	 7.7685e-23
1093.8000 	 7.7685e-23
1093.9000 	 7.7685e-23
1094.0000 	 7.7685e-23
1094.1000 	 7.7685e-23
1094.2000 	 7.7685e-23
1094.3000 	 7.7685e-23
1094.4000 	 7.7685e-23
1094.5000 	 7.7685e-23
1094.6000 	 7.7685e-23
1094.7000 	 7.7685e-23
1094.8000 	 7.7685e-23
1094.9000 	 7.7685e-23
1095.0000 	 7.7685e-23
1095.1000 	 7.7685e-23
1095.2000 	 7.7685e-23
1095.3000 	 7.7685e-23
1095.4000 	 7.7685e-23
1095.5000 	 7.7685e-23
1095.6000 	 7.7685e-23
1095.7000 	 7.7685e-23
1095.8000 	 7.7685e-23
1095.9000 	 7.7685e-23
1096.0000 	 7.7685e-23
1096.1000 	 7.7685e-23
1096.2000 	 7.7685e-23
1096.3000 	 7.7685e-23
1096.4000 	 7.7685e-23
1096.5000 	 7.7685e-23
1096.6000 	 7.7685e-23
1096.7000 	 7.7685e-23
1096.8000 	 7.7685e-23
1096.9000 	 7.7685e-23
1097.0000 	 7.7685e-23
1097.1000 	 7.7685e-23
1097.2000 	 7.7685e-23
1097.3000 	 7.7685e-23
1097.4000 	 7.7685e-23
1097.5000 	 7.7685e-23
1097.6000 	 7.7685e-23
1097.7000 	 7.7685e-23
1097.8000 	 7.7685e-23
1097.9000 	 7.7685e-23
1098.0000 	 7.7685e-23
1098.1000 	 7.7685e-23
1098.2000 	 7.7685e-23
1098.3000 	 7.7685e-23
1098.4000 	 7.7685e-23
1098.5000 	 7.7685e-23
1098.6000 	 7.7685e-23
1098.7000 	 7.7685e-23
1098.8000 	 7.7685e-23
1098.9000 	 7.7685e-23
1099.0000 	 7.7685e-23
1099.1000 	 7.7685e-23
1099.2000 	 7.7685e-23
1099.3000 	 7.7685e-23
1099.4000 	 7.7685e-23
1099.5000 	 7.7685e-23
1099.6000 	 7.7685e-23
1099.7000 	 7.7685e-23
1099.8000 	 7.7685e-23
1099.9000 	 7.7685e-23
1100.0000 	 7.7685e-23
1100.1000 	 7.7685e-23
1100.2000 	 7.7685e-23
1100.3000 	 7.7685e-23
1100.4000 	 7.7685e-23
1100.5000 	 7.7685e-23
1100.6000 	 7.7685e-23
1100.7000 	 7.7685e-23
1100.8000 	 7.7685e-23
1100.9000 	 7.7685e-23
1101.0000 	 7.7685e-23
1101.1000 	 7.7685e-23
1101.2000 	 7.7685e-23
1101.3000 	 7.7685e-23
1101.4000 	 7.7685e-23
1101.5000 	 7.7685e-23
1101.6000 	 7.7685e-23
1101.7000 	 7.7685e-23
1101.8000 	 7.7685e-23
1101.9000 	 7.7685e-23
1102.0000 	 7.7685e-23
1102.1000 	 7.7685e-23
1102.2000 	 7.7685e-23
1102.3000 	 7.7685e-23
1102.4000 	 7.7685e-23
1102.5000 	 7.7685e-23
1102.6000 	 7.7685e-23
1102.7000 	 7.7685e-23
1102.8000 	 7.7685e-23
1102.9000 	 7.7685e-23
1103.0000 	 7.7685e-23
1103.1000 	 7.7685e-23
1103.2000 	 7.7685e-23
1103.3000 	 7.7685e-23
1103.4000 	 7.7685e-23
1103.5000 	 7.7685e-23
1103.6000 	 7.7685e-23
1103.7000 	 7.7685e-23
1103.8000 	 7.7685e-23
1103.9000 	 7.7685e-23
1104.0000 	 7.7685e-23
1104.1000 	 7.7685e-23
1104.2000 	 7.7685e-23
1104.3000 	 7.7685e-23
1104.4000 	 7.7685e-23
1104.5000 	 7.7685e-23
1104.6000 	 7.7685e-23
1104.7000 	 7.7685e-23
1104.8000 	 7.7685e-23
1104.9000 	 7.7685e-23
1105.0000 	 7.7685e-23
1105.1000 	 7.7685e-23
1105.2000 	 7.7685e-23
1105.3000 	 7.7685e-23
1105.4000 	 7.7685e-23
1105.5000 	 7.7685e-23
1105.6000 	 7.7685e-23
1105.7000 	 7.7685e-23
1105.8000 	 7.7685e-23
1105.9000 	 7.7685e-23
1106.0000 	 7.7685e-23
1106.1000 	 7.7685e-23
1106.2000 	 7.7685e-23
1106.3000 	 7.7685e-23
1106.4000 	 7.7685e-23
1106.5000 	 7.7685e-23
1106.6000 	 7.7685e-23
1106.7000 	 7.7685e-23
1106.8000 	 7.7685e-23
1106.9000 	 7.7685e-23
1107.0000 	 7.7685e-23
1107.1000 	 7.7685e-23
1107.2000 	 7.7685e-23
1107.3000 	 7.7685e-23
1107.4000 	 7.7685e-23
1107.5000 	 7.7685e-23
1107.6000 	 7.7685e-23
1107.7000 	 7.7685e-23
1107.8000 	 7.7685e-23
1107.9000 	 7.7685e-23
1108.0000 	 7.7685e-23
1108.1000 	 7.7685e-23
1108.2000 	 7.7685e-23
1108.3000 	 7.7685e-23
1108.4000 	 7.7685e-23
1108.5000 	 7.7685e-23
1108.6000 	 7.7685e-23
1108.7000 	 7.7685e-23
1108.8000 	 7.7685e-23
1108.9000 	 7.7685e-23
1109.0000 	 7.7685e-23
1109.1000 	 7.7685e-23
1109.2000 	 7.7685e-23
1109.3000 	 7.7685e-23
1109.4000 	 7.7685e-23
1109.5000 	 7.7685e-23
1109.6000 	 7.7685e-23
1109.7000 	 7.7685e-23
1109.8000 	 7.7685e-23
1109.9000 	 7.7685e-23
1110.0000 	 7.7685e-23