880.000	1.7659e-24
880.100	1.7785e-24
880.200	1.7911e-24
880.300	1.8039e-24
880.400	1.8167e-24
880.500	1.8297e-24
880.600	1.8427e-24
880.700	1.8558e-24
880.800	1.8691e-24
880.900	1.8824e-24
881.000	1.8958e-24
881.100	1.9093e-24
881.200	1.9229e-24
881.300	1.9366e-24
881.400	1.9504e-24
881.500	1.9642e-24
881.600	1.9782e-24
881.700	1.9923e-24
881.800	2.0065e-24
881.900	2.0208e-24
882.000	2.0352e-24
882.100	2.0497e-24
882.200	2.0643e-24
882.300	2.0790e-24
882.400	2.0938e-24
882.500	2.1087e-24
882.600	2.1237e-24
882.700	2.1388e-24
882.800	2.1541e-24
882.900	2.1694e-24
883.000	2.1849e-24
883.100	2.2004e-24
883.200	2.2161e-24
883.300	2.2319e-24
883.400	2.2478e-24
883.500	2.2638e-24
883.600	2.2799e-24
883.700	2.2961e-24
883.800	2.3125e-24
883.900	2.3290e-24
884.000	2.3456e-24
884.100	2.3623e-24
884.200	2.3791e-24
884.300	2.3960e-24
884.400	2.4131e-24
884.500	2.4303e-24
884.600	2.4476e-24
884.700	2.4650e-24
884.800	2.4826e-24
884.900	2.5003e-24
885.000	2.5181e-24
885.100	2.5360e-24
885.200	2.5541e-24
885.300	2.5722e-24
885.400	2.5906e-24
885.500	2.6090e-24
885.600	2.6276e-24
885.700	2.6463e-24
885.800	2.6652e-24
885.900	2.6841e-24
886.000	2.7033e-24
886.100	2.7225e-24
886.200	2.7419e-24
886.300	2.7614e-24
886.400	2.7811e-24
886.500	2.8009e-24
886.600	2.8208e-24
886.700	2.8409e-24
886.800	2.8612e-24
886.900	2.8815e-24
887.000	2.9021e-24
887.100	2.9227e-24
887.200	2.9435e-24
887.300	2.9645e-24
887.400	2.9856e-24
887.500	3.0069e-24
887.600	3.0283e-24
887.700	3.0499e-24
887.800	3.0716e-24
887.900	3.0935e-24
888.000	3.1155e-24
888.100	3.1377e-24
888.200	3.1600e-24
888.300	3.1825e-24
888.400	3.2052e-24
888.500	3.2280e-24
888.600	3.2510e-24
888.700	3.2742e-24
888.800	3.2975e-24
888.900	3.3210e-24
889.000	3.3446e-24
889.100	3.3684e-24
889.200	3.3924e-24
889.300	3.4166e-24
889.400	3.4409e-24
889.500	3.4654e-24
889.600	3.4901e-24
889.700	3.5150e-24
889.800	3.5400e-24
889.900	3.5652e-24
890.000	3.5906e-24
890.100	3.6162e-24
890.200	3.6419e-24
890.300	3.6679e-24
890.400	3.6940e-24
890.500	3.7203e-24
890.600	3.7468e-24
890.700	3.7735e-24
890.800	3.8004e-24
890.900	3.8274e-24
891.000	3.8547e-24
891.100	3.8821e-24
891.200	3.9098e-24
891.300	3.9376e-24
891.400	3.9657e-24
891.500	3.9939e-24
891.600	4.0224e-24
891.700	4.0510e-24
891.800	4.0799e-24
891.900	4.1089e-24
892.000	4.1382e-24
892.100	4.1676e-24
892.200	4.1973e-24
892.300	4.2272e-24
892.400	4.2573e-24
892.500	4.2876e-24
892.600	4.3182e-24
892.700	4.3489e-24
892.800	4.3799e-24
892.900	4.4111e-24
893.000	4.4425e-24
893.100	4.4742e-24
893.200	4.5060e-24
893.300	4.5381e-24
893.400	4.5704e-24
893.500	4.6030e-24
893.600	4.6358e-24
893.700	4.6688e-24
893.800	4.7020e-24
893.900	4.7355e-24
894.000	4.7692e-24
894.100	4.8032e-24
894.200	4.8374e-24
894.300	4.8719e-24
894.400	4.9066e-24
894.500	4.9415e-24
894.600	4.9767e-24
894.700	5.0121e-24
894.800	5.0478e-24
894.900	5.0838e-24
895.000	5.1200e-24
895.100	5.1565e-24
895.200	5.1932e-24
895.300	5.2302e-24
895.400	5.2674e-24
895.500	5.3049e-24
895.600	5.3427e-24
895.700	5.3808e-24
895.800	5.4191e-24
895.900	5.4577e-24
896.000	5.4965e-24
896.100	5.5357e-24
896.200	5.5751e-24
896.300	5.6148e-24
896.400	5.6548e-24
896.500	5.6951e-24
896.600	5.7356e-24
896.700	5.7765e-24
896.800	5.8176e-24
896.900	5.8591e-24
897.000	5.9008e-24
897.100	5.9428e-24
897.200	5.9851e-24
897.300	6.0278e-24
897.400	6.0707e-24
897.500	6.1139e-24
897.600	6.1575e-24
897.700	6.2013e-24
897.800	6.2455e-24
897.900	6.2900e-24
898.000	6.3348e-24
898.100	6.3799e-24
898.200	6.4253e-24
898.300	6.4711e-24
898.400	6.5172e-24
898.500	6.5636e-24
898.600	6.6103e-24
898.700	6.6574e-24
898.800	6.7048e-24
898.900	6.7526e-24
899.000	6.8007e-24
899.100	6.8491e-24
899.200	6.8979e-24
899.300	6.9470e-24
899.400	6.9965e-24
899.500	7.0463e-24
899.600	7.0965e-24
899.700	7.1470e-24
899.800	7.1979e-24
899.900	7.2492e-24
900.000	7.3008e-24
900.100	7.3528e-24
900.200	7.4052e-24
900.300	7.4579e-24
900.400	7.5110e-24
900.500	7.5645e-24
900.600	7.6184e-24
900.700	7.6726e-24
900.800	7.7273e-24
900.900	7.7823e-24
901.000	7.8377e-24
901.100	7.8936e-24
901.200	7.9498e-24
901.300	8.0064e-24
901.400	8.0634e-24
901.500	8.1208e-24
901.600	8.1787e-24
901.700	8.2369e-24
901.800	8.2956e-24
901.900	8.3547e-24
902.000	8.4142e-24
902.100	8.4741e-24
902.200	8.5345e-24
902.300	8.5952e-24
902.400	8.6564e-24
902.500	8.7181e-24
902.600	8.7802e-24
902.700	8.8427e-24
902.800	8.9057e-24
902.900	8.9691e-24
903.000	9.0330e-24
903.100	9.0973e-24
903.200	9.1621e-24
903.300	9.2274e-24
903.400	9.2931e-24
903.500	9.3593e-24
903.600	9.4259e-24
903.700	9.4931e-24
903.800	9.5607e-24
903.900	9.6288e-24
904.000	9.6973e-24
904.100	9.7664e-24
904.200	9.8359e-24
904.300	9.9060e-24
904.400	9.9765e-24
904.500	1.0048e-23
904.600	1.0119e-23
904.700	1.0191e-23
904.800	1.0264e-23
904.900	1.0337e-23
905.000	1.0411e-23
905.100	1.0485e-23
905.200	1.0559e-23
905.300	1.0635e-23
905.400	1.0710e-23
905.500	1.0787e-23
905.600	1.0863e-23
905.700	1.0941e-23
905.800	1.1019e-23
905.900	1.1097e-23
906.000	1.1176e-23
906.100	1.1256e-23
906.200	1.1336e-23
906.300	1.1417e-23
906.400	1.1498e-23
906.500	1.1580e-23
906.600	1.1662e-23
906.700	1.1745e-23
906.800	1.1829e-23
906.900	1.1913e-23
907.000	1.1998e-23
907.100	1.2084e-23
907.200	1.2170e-23
907.300	1.2256e-23
907.400	1.2344e-23
907.500	1.2431e-23
907.600	1.2520e-23
907.700	1.2609e-23
907.800	1.2699e-23
907.900	1.2789e-23
908.000	1.2881e-23
908.100	1.2972e-23
908.200	1.3065e-23
908.300	1.3158e-23
908.400	1.3251e-23
908.500	1.3346e-23
908.600	1.3441e-23
908.700	1.3537e-23
908.800	1.3633e-23
908.900	1.3730e-23
909.000	1.3828e-23
909.100	1.3926e-23
909.200	1.4025e-23
909.300	1.4125e-23
909.400	1.4226e-23
909.500	1.4327e-23
909.600	1.4429e-23
909.700	1.4532e-23
909.800	1.4636e-23
909.900	1.4740e-23
910.000	1.4845e-23
910.100	1.4951e-23
910.200	1.5057e-23
910.300	1.5164e-23
910.400	1.5272e-23
910.500	1.5381e-23
910.600	1.5491e-23
910.700	1.5601e-23
910.800	1.5712e-23
910.900	1.5824e-23
911.000	1.5937e-23
911.100	1.6050e-23
911.200	1.6164e-23
911.300	1.6279e-23
911.400	1.6395e-23
911.500	1.6512e-23
911.600	1.6630e-23
911.700	1.6748e-23
911.800	1.6867e-23
911.900	1.6988e-23
912.000	1.7109e-23
912.100	1.7230e-23
912.200	1.7353e-23
912.300	1.7477e-23
912.400	1.7601e-23
912.500	1.7727e-23
912.600	1.7853e-23
912.700	1.7980e-23
912.800	1.8108e-23
912.900	1.8237e-23
913.000	1.8367e-23
913.100	1.8498e-23
913.200	1.8629e-23
913.300	1.8762e-23
913.400	1.8896e-23
913.500	1.9030e-23
913.600	1.9166e-23
913.700	1.9302e-23
913.800	1.9440e-23
913.900	1.9578e-23
914.000	1.9718e-23
914.100	1.9858e-23
914.200	2.0000e-23
914.300	2.0142e-23
914.400	2.0285e-23
914.500	2.0430e-23
914.600	2.0575e-23
914.700	2.0722e-23
914.800	2.0869e-23
914.900	2.1018e-23
915.000	2.1168e-23
915.100	2.1319e-23
915.200	2.1470e-23
915.300	2.1623e-23
915.400	2.1777e-23
915.500	2.1932e-23
915.600	2.2089e-23
915.700	2.2246e-23
915.800	2.2404e-23
915.900	2.2564e-23
916.000	2.2725e-23
916.100	2.2886e-23
916.200	2.3049e-23
916.300	2.3214e-23
916.400	2.3379e-23
916.500	2.3545e-23
916.600	2.3713e-23
916.700	2.3882e-23
916.800	2.4052e-23
916.900	2.4223e-23
917.000	2.4396e-23
917.100	2.4570e-23
917.200	2.4745e-23
917.300	2.4921e-23
917.400	2.5098e-23
917.500	2.5277e-23
917.600	2.5457e-23
917.700	2.5638e-23
917.800	2.5821e-23
917.900	2.6005e-23
918.000	2.6190e-23
918.100	2.6377e-23
918.200	2.6564e-23
918.300	2.6754e-23
918.400	2.6944e-23
918.500	2.7136e-23
918.600	2.7329e-23
918.700	2.7524e-23
918.800	2.7720e-23
918.900	2.7917e-23
919.000	2.8116e-23
919.100	2.8316e-23
919.200	2.8518e-23
919.300	2.8721e-23
919.400	2.8926e-23
919.500	2.9132e-23
919.600	2.9339e-23
919.700	2.9548e-23
919.800	2.9759e-23
919.900	2.9971e-23
920.000	3.0184e-23
920.100	3.0399e-23
920.200	3.0615e-23
920.300	3.0834e-23
920.400	3.1053e-23
920.500	3.1274e-23
920.600	3.1497e-23
920.700	3.1721e-23
920.800	3.1947e-23
920.900	3.2175e-23
921.000	3.2404e-23
921.100	3.2635e-23
921.200	3.2867e-23
921.300	3.3101e-23
921.400	3.3337e-23
921.500	3.3574e-23
921.600	3.3813e-23
921.700	3.4054e-23
921.800	3.4297e-23
921.900	3.4541e-23
922.000	3.4787e-23
922.100	3.5035e-23
922.200	3.5284e-23
922.300	3.5536e-23
922.400	3.5789e-23
922.500	3.6044e-23
922.600	3.6300e-23
922.700	3.6559e-23
922.800	3.6819e-23
922.900	3.7081e-23
923.000	3.7345e-23
923.100	3.7611e-23
923.200	3.7879e-23
923.300	3.8149e-23
923.400	3.8421e-23
923.500	3.8694e-23
923.600	3.8970e-23
923.700	3.9248e-23
923.800	3.9527e-23
923.900	3.9809e-23
924.000	4.0092e-23
924.100	4.0378e-23
924.200	4.0665e-23
924.300	4.0955e-23
924.400	4.1246e-23
924.500	4.1540e-23
924.600	4.1836e-23
924.700	4.2134e-23
924.800	4.2434e-23
924.900	4.2736e-23
925.000	4.3041e-23
925.100	4.3347e-23
925.200	4.3656e-23
925.300	4.3967e-23
925.400	4.4280e-23
925.500	4.4595e-23
925.600	4.4913e-23
925.700	4.5233e-23
925.800	4.5555e-23
925.900	4.5879e-23
926.000	4.6206e-23
926.100	4.6535e-23
926.200	4.6867e-23
926.300	4.7200e-23
926.400	4.7536e-23
926.500	4.7875e-23
926.600	4.8216e-23
926.700	4.8559e-23
926.800	4.8905e-23
926.900	4.9254e-23
927.000	4.9604e-23
927.100	4.9958e-23
927.200	5.0313e-23
927.300	5.0672e-23
927.400	5.1033e-23
927.500	5.1396e-23
927.600	5.1762e-23
927.700	5.2131e-23
927.800	5.2502e-23
927.900	5.2876e-23
928.000	5.3252e-23
928.100	5.3632e-23
928.200	5.4014e-23
928.300	5.4398e-23
928.400	5.4786e-23
928.500	5.5176e-23
928.600	5.5569e-23
928.700	5.5965e-23
928.800	5.6363e-23
928.900	5.6765e-23
929.000	5.7169e-23
929.100	5.7576e-23
929.200	5.7986e-23
929.300	5.8399e-23
929.400	5.8815e-23
929.500	5.9234e-23
929.600	5.9656e-23
929.700	6.0043e-23
929.800	6.0043e-23
929.900	6.0043e-23
930.000	6.0043e-23
930.100	6.0043e-23
930.200	6.0043e-23
930.300	6.0043e-23
930.400	6.0043e-23
930.500	6.0043e-23
930.600	6.0270e-23
930.700	6.1410e-23
930.800	6.2933e-23
930.900	6.5194e-23
931.000	6.6901e-23
931.100	6.8171e-23
931.200	6.8620e-23
931.300	6.8620e-23
931.400	6.8620e-23
931.500	6.8620e-23
931.600	6.8620e-23
931.700	6.8620e-23
931.800	6.8620e-23
931.900	6.8620e-23
932.000	6.8620e-23
932.100	6.8620e-23
932.200	6.8620e-23
932.300	6.8620e-23
932.400	6.8620e-23
932.500	6.8620e-23
932.600	6.8620e-23
932.700	6.8620e-23
932.800	6.8620e-23
932.900	6.8620e-23
933.000	6.8620e-23
933.100	6.8620e-23
933.200	6.8620e-23
933.300	6.8620e-23
933.400	6.8620e-23
933.500	6.8620e-23
933.600	6.8620e-23
933.700	6.8620e-23
933.800	6.8620e-23
933.900	6.8620e-23
934.000	6.8620e-23
934.100	6.8620e-23
934.200	6.8620e-23
934.300	6.8620e-23
934.400	6.8620e-23
934.500	6.8620e-23
934.600	6.8620e-23
934.700	6.8620e-23
934.800	6.8620e-23
934.900	6.8620e-23
935.000	6.8620e-23
935.100	6.8620e-23
935.200	6.8620e-23
935.300	6.8620e-23
935.400	6.8620e-23
935.500	6.8620e-23
935.600	6.8620e-23
935.700	6.8620e-23
935.800	6.8620e-23
935.900	6.8620e-23
936.000	6.8620e-23
936.100	6.8620e-23
936.200	6.8620e-23
936.300	6.8623e-23
936.400	6.9330e-23
936.500	7.0671e-23
936.600	7.2595e-23
936.700	7.4751e-23
936.800	7.6154e-23
936.900	7.7118e-23
937.000	7.7198e-23
937.100	7.7198e-23
937.200	7.7198e-23
937.300	7.7198e-23
937.400	7.7198e-23
937.500	7.7198e-23
937.600	7.7198e-23
937.700	7.7198e-23
937.800	7.7198e-23
937.900	7.7198e-23
938.000	7.7198e-23
938.100	7.7198e-23
938.200	7.7198e-23
938.300	7.7198e-23
938.400	7.7198e-23
938.500	7.7560e-23
938.600	7.8791e-23
938.700	8.0778e-23
938.800	8.4135e-23
938.900	8.7427e-23
939.000	9.0783e-23
939.100	9.2764e-23
939.200	9.3994e-23
939.300	9.4353e-23
939.400	9.4353e-23
939.500	9.4353e-23
939.600	9.4353e-23
939.700	9.4353e-23
939.800	9.4353e-23
939.900	9.4353e-23
940.000	9.4353e-23
940.100	9.4353e-23
940.200	9.4681e-23
940.300	9.5889e-23
940.400	9.7820e-23
940.500	1.0115e-22
940.600	1.0445e-22
940.700	1.0782e-22
940.800	1.0986e-22
940.900	1.1111e-22
941.000	1.1151e-22
941.100	1.1151e-22
941.200	1.1151e-22
941.300	1.1151e-22
941.400	1.1151e-22
941.500	1.1205e-22
941.600	1.1337e-22
941.700	1.1564e-22
941.800	1.1907e-22
941.900	1.2237e-22
942.000	1.2559e-22
942.100	1.2733e-22
942.200	1.2845e-22
942.300	1.2866e-22
942.400	1.2866e-22
942.500	1.2866e-22
942.600	1.2866e-22
942.700	1.2866e-22
942.800	1.2866e-22
942.900	1.2866e-22
943.000	1.2866e-22
943.100	1.2866e-22
943.200	1.2866e-22
943.300	1.2866e-22
943.400	1.2866e-22
943.500	1.2866e-22
943.600	1.2893e-22
943.700	1.3009e-22
943.800	1.3191e-22
943.900	1.3519e-22
944.000	1.3848e-22
944.100	1.4189e-22
944.200	1.4406e-22
944.300	1.4535e-22
944.400	1.4582e-22
944.500	1.4582e-22
944.600	1.4582e-22
944.700	1.4582e-22
944.800	1.4582e-22
944.900	1.4582e-22
945.000	1.4582e-22
945.100	1.4582e-22
945.200	1.4582e-22
945.300	1.4582e-22
945.400	1.4582e-22
945.500	1.4597e-22
945.600	1.4700e-22
945.700	1.4864e-22
945.800	1.5175e-22
945.900	1.5507e-22
946.000	1.5851e-22
946.100	1.6096e-22
946.200	1.6233e-22
946.300	1.6297e-22
946.400	1.6297e-22
946.500	1.6297e-22
946.600	1.6297e-22
946.700	1.6297e-22
946.800	1.6297e-22
946.900	1.6297e-22
947.000	1.6297e-22
947.100	1.6297e-22
947.200	1.6310e-22
947.300	1.6411e-22
947.400	1.6570e-22
947.500	1.6876e-22
947.600	1.7210e-22
947.700	1.7554e-22
947.800	1.7805e-22
947.900	1.7944e-22
948.000	1.8012e-22
948.100	1.8013e-22
948.200	1.8013e-22
948.300	1.8013e-22
948.400	1.8013e-22
948.500	1.8040e-22
948.600	1.8157e-22
948.700	1.8341e-22
948.800	1.8669e-22
948.900	1.8999e-22
949.000	1.9340e-22
949.100	1.9554e-22
949.200	1.9683e-22
949.300	1.9728e-22
949.400	1.9728e-22
949.500	1.9728e-22
949.600	1.9789e-22
949.700	1.9924e-22
949.800	2.0161e-22
949.900	2.0505e-22
950.000	2.0837e-22
950.100	2.1152e-22
950.200	2.1320e-22
950.300	2.1427e-22
950.400	2.1444e-22
950.500	2.1444e-22
950.600	2.1452e-22
950.700	2.1547e-22
950.800	2.1699e-22
950.900	2.1995e-22
951.000	2.2331e-22
951.100	2.2649e-22
951.200	2.2937e-22
951.300	2.3141e-22
951.400	2.3336e-22
951.500	2.3608e-22
951.600	2.3926e-22
951.700	2.4254e-22
951.800	2.4574e-22
951.900	2.4734e-22
952.000	2.4825e-22
952.100	2.4916e-22
952.200	2.5005e-22
952.300	2.5150e-22
952.400	2.5458e-22
952.500	2.5790e-22
952.600	2.6109e-22
952.700	2.6389e-22
952.800	2.6589e-22
952.900	2.6787e-22
953.000	2.7067e-22
953.100	2.7386e-22
953.200	2.7700e-22
953.300	2.8005e-22
953.400	2.8238e-22
953.500	2.8430e-22
953.600	2.8628e-22
953.700	2.8830e-22
953.800	2.9029e-22
953.900	2.9220e-22
954.000	2.9448e-22
954.100	2.9738e-22
954.200	3.0074e-22
954.300	3.0486e-22
954.400	3.0885e-22
954.500	3.1214e-22
954.600	3.1495e-22
954.700	3.1705e-22
954.800	3.1896e-22
954.900	3.2154e-22
955.000	3.2468e-22
955.100	3.2837e-22
955.200	3.3262e-22
955.300	3.3621e-22
955.400	3.3929e-22
955.500	3.4178e-22
955.600	3.4366e-22
955.700	3.4584e-22
955.800	3.4872e-22
955.900	3.5206e-22
956.000	3.5599e-22
956.100	3.6017e-22
956.200	3.6433e-22
956.300	3.6830e-22
956.400	3.7153e-22
956.500	3.7443e-22
956.600	3.7737e-22
956.700	3.8034e-22
956.800	3.8389e-22
956.900	3.8804e-22
957.000	3.9209e-22
957.100	3.9601e-22
957.200	4.0038e-22
957.300	4.0544e-22
957.400	4.1058e-22
957.500	4.1577e-22
957.600	4.2060e-22
957.700	4.2472e-22
957.800	4.2863e-22
957.900	4.3255e-22
958.000	4.3661e-22
958.100	4.4126e-22
958.200	4.4643e-22
958.300	4.5218e-22
958.400	4.5843e-22
958.500	4.6394e-22
958.600	4.6889e-22
958.700	4.7382e-22
958.800	4.7864e-22
958.900	4.8425e-22
959.000	4.9119e-22
959.100	4.9871e-22
959.200	5.0686e-22
959.300	5.1487e-22
959.400	5.2217e-22
959.500	5.2900e-22
959.600	5.3523e-22
959.700	5.4114e-22
959.800	5.4718e-22
959.900	5.5322e-22
960.000	5.5919e-22
960.100	5.6516e-22
960.200	5.7165e-22
960.300	5.7868e-22
960.400	5.8622e-22
960.500	5.9446e-22
960.600	6.0231e-22
960.700	6.0969e-22
960.800	6.1613e-22
960.900	6.2129e-22
961.000	6.2611e-22
961.100	6.3094e-22
961.200	6.3607e-22
961.300	6.4248e-22
961.400	6.4986e-22
961.500	6.5760e-22
961.600	6.6579e-22
961.700	6.7388e-22
961.800	6.8193e-22
961.900	6.8999e-22
962.000	6.9804e-22
962.100	7.0610e-22
962.200	7.1415e-22
962.300	7.2221e-22
962.400	7.3042e-22
962.500	7.3827e-22
962.600	7.4540e-22
962.700	7.5233e-22
962.800	7.5908e-22
962.900	7.6624e-22
963.000	7.7514e-22
963.100	7.8565e-22
963.200	7.9756e-22
963.300	8.1100e-22
963.400	8.2475e-22
963.500	8.3894e-22
963.600	8.5306e-22
963.700	8.6704e-22
963.800	8.8148e-22
963.900	8.9659e-22
964.000	9.1181e-22
964.100	9.2721e-22
964.200	9.4195e-22
964.300	9.5588e-22
964.400	9.6829e-22
964.500	9.7902e-22
964.600	9.8741e-22
964.700	9.9194e-22
964.800	9.9475e-22
964.900	9.9473e-22
965.000	9.9356e-22
965.100	9.9177e-22
965.200	9.8858e-22
965.300	9.8496e-22
965.400	9.8073e-22
965.500	9.7688e-22
965.600	9.7302e-22
965.700	9.7141e-22
965.800	9.7141e-22
965.900	9.7141e-22
966.000	9.7420e-22
966.100	9.7939e-22
966.200	9.8432e-22
966.300	9.8950e-22
966.400	9.9370e-22
966.500	9.9754e-22
966.600	1.0025e-21
966.700	1.0086e-21
966.800	1.0158e-21
966.900	1.0243e-21
967.000	1.0317e-21
967.100	1.0380e-21
967.200	1.0432e-21
967.300	1.0471e-21
967.400	1.0512e-21
967.500	1.0560e-21
967.600	1.0613e-21
967.700	1.0670e-21
967.800	1.0732e-21
967.900	1.0799e-21
968.000	1.0871e-21
968.100	1.0947e-21
968.200	1.1028e-21
968.300	1.1118e-21
968.400	1.1219e-21
968.500	1.1331e-21
968.600	1.1456e-21
968.700	1.1571e-21
968.800	1.1676e-21
968.900	1.1766e-21
969.000	1.1837e-21
969.100	1.1905e-21
969.200	1.1972e-21
969.300	1.2045e-21
969.400	1.2138e-21
969.500	1.2244e-21
969.600	1.2354e-21
969.700	1.2467e-21
969.800	1.2565e-21
969.900	1.2653e-21
970.000	1.2742e-21
970.100	1.2830e-21
970.200	1.2931e-21
970.300	1.3051e-21
970.400	1.3181e-21
970.500	1.3324e-21
970.600	1.3465e-21
970.700	1.3596e-21
970.800	1.3726e-21
970.900	1.3855e-21
971.000	1.3987e-21
971.100	1.4128e-21
971.200	1.4270e-21
971.300	1.4399e-21
971.400	1.4518e-21
971.500	1.4626e-21
971.600	1.4725e-21
971.700	1.4824e-21
971.800	1.4925e-21
971.900	1.5026e-21
972.000	1.5128e-21
972.100	1.5226e-21
972.200	1.5317e-21
972.300	1.5406e-21
972.400	1.5494e-21
972.500	1.5587e-21
972.600	1.5696e-21
972.700	1.5809e-21
972.800	1.5913e-21
972.900	1.6012e-21
973.000	1.6105e-21
973.100	1.6193e-21
973.200	1.6293e-21
973.300	1.6404e-21
973.400	1.6525e-21
973.500	1.6656e-21
973.600	1.6792e-21
973.700	1.6930e-21
973.800	1.7077e-21
973.900	1.7231e-21
974.000	1.7403e-21
974.100	1.7606e-21
974.200	1.7827e-21
974.300	1.8054e-21
974.400	1.8289e-21
974.500	1.8518e-21
974.600	1.8749e-21
974.700	1.8997e-21
974.800	1.9261e-21
974.900	1.9538e-21
975.000	1.9830e-21
975.100	2.0135e-21
975.200	2.0456e-21
975.300	2.0790e-21
975.400	2.1141e-21
975.500	2.1499e-21
975.600	2.1858e-21
975.700	2.2225e-21
975.800	2.2599e-21
975.900	2.2988e-21
976.000	2.3407e-21
976.100	2.3848e-21
976.200	2.4300e-21
976.300	2.4767e-21
976.400	2.5240e-21
976.500	2.5723e-21
976.600	2.6226e-21
976.700	2.6751e-21
976.800	2.7285e-21
976.900	2.7828e-21
977.000	2.8376e-21
977.100	2.8928e-21
977.200	2.9485e-21
977.300	3.0047e-21
977.400	3.0613e-21
977.500	3.1183e-21
977.600	3.1760e-21
977.700	3.2347e-21
977.800	3.2944e-21
977.900	3.3550e-21
978.000	3.4166e-21
978.100	3.4792e-21
978.200	3.5430e-21
978.300	3.6062e-21
978.400	3.6689e-21
978.500	3.7300e-21
978.600	3.7889e-21
978.700	3.8488e-21
978.800	3.9102e-21
978.900	3.9743e-21
979.000	4.0430e-21
979.100	4.1134e-21
979.200	4.1835e-21
979.300	4.2528e-21
979.400	4.3186e-21
979.500	4.3824e-21
979.600	4.4465e-21
979.700	4.5101e-21
979.800	4.5717e-21
979.900	4.6315e-21
980.000	4.6824e-21
980.100	4.7262e-21
980.200	4.7616e-21
980.300	4.7905e-21
980.400	4.8133e-21
980.500	4.8337e-21
980.600	4.8442e-21
980.700	4.8457e-21
980.800	4.8463e-21
980.900	4.8385e-21
981.000	4.8204e-21
981.100	4.8003e-21
981.200	4.7758e-21
981.300	4.7506e-21
981.400	4.7240e-21
981.500	4.6978e-21
981.600	4.6718e-21
981.700	4.6449e-21
981.800	4.6170e-21
981.900	4.5877e-21
982.000	4.5565e-21
982.100	4.5250e-21
982.200	4.4935e-21
982.300	4.4626e-21
982.400	4.4330e-21
982.500	4.4041e-21
982.600	4.3756e-21
982.700	4.3475e-21
982.800	4.3198e-21
982.900	4.2926e-21
983.000	4.2669e-21
983.100	4.2425e-21
983.200	4.2208e-21
983.300	4.2010e-21
983.400	4.1850e-21
983.500	4.1715e-21
983.600	4.1631e-21
983.700	4.1579e-21
983.800	4.1558e-21
983.900	4.1572e-21
984.000	4.1600e-21
984.100	4.1648e-21
984.200	4.1718e-21
984.300	4.1793e-21
984.400	4.1877e-21
984.500	4.1956e-21
984.600	4.2036e-21
984.700	4.2126e-21
984.800	4.2227e-21
984.900	4.2338e-21
985.000	4.2461e-21
985.100	4.2580e-21
985.200	4.2694e-21
985.300	4.2798e-21
985.400	4.2888e-21
985.500	4.2978e-21
985.600	4.3075e-21
985.700	4.3179e-21
985.800	4.3298e-21
985.900	4.3421e-21
986.000	4.3531e-21
986.100	4.3630e-21
986.200	4.3711e-21
986.300	4.3779e-21
986.400	4.3844e-21
986.500	4.3904e-21
986.600	4.3960e-21
986.700	4.4010e-21
986.800	4.4059e-21
986.900	4.4106e-21
987.000	4.4162e-21
987.100	4.4239e-21
987.200	4.4325e-21
987.300	4.4417e-21
987.400	4.4508e-21
987.500	4.4590e-21
987.600	4.4658e-21
987.700	4.4690e-21
987.800	4.4709e-21
987.900	4.4699e-21
988.000	4.4660e-21
988.100	4.4639e-21
988.200	4.4627e-21
988.300	4.4626e-21
988.400	4.4637e-21
988.500	4.4648e-21
988.600	4.4657e-21
988.700	4.4670e-21
988.800	4.4711e-21
988.900	4.4773e-21
989.000	4.4846e-21
989.100	4.4933e-21
989.200	4.5020e-21
989.300	4.5112e-21
989.400	4.5211e-21
989.500	4.5314e-21
989.600	4.5406e-21
989.700	4.5490e-21
989.800	4.5548e-21
989.900	4.5590e-21
990.000	4.5619e-21
990.100	4.5637e-21
990.200	4.5659e-21
990.300	4.5696e-21
990.400	4.5743e-21
990.500	4.5809e-21
990.600	4.5885e-21
990.700	4.5962e-21
990.800	4.6031e-21
990.900	4.6074e-21
991.000	4.6102e-21
991.100	4.6093e-21
991.200	4.6046e-21
991.300	4.5976e-21
991.400	4.5859e-21
991.500	4.5727e-21
991.600	4.5575e-21
991.700	4.5417e-21
991.800	4.5259e-21
991.900	4.5092e-21
992.000	4.4916e-21
992.100	4.4728e-21
992.200	4.4521e-21
992.300	4.4305e-21
992.400	4.4093e-21
992.500	4.3882e-21
992.600	4.3673e-21
992.700	4.3463e-21
992.800	4.3237e-21
992.900	4.2996e-21
993.000	4.2726e-21
993.100	4.2422e-21
993.200	4.2103e-21
993.300	4.1764e-21
993.400	4.1442e-21
993.500	4.1149e-21
993.600	4.0861e-21
993.700	4.0574e-21
993.800	4.0278e-21
993.900	3.9949e-21
994.000	3.9612e-21
994.100	3.9290e-21
994.200	3.8980e-21
994.300	3.8702e-21
994.400	3.8444e-21
994.500	3.8196e-21
994.600	3.7956e-21
994.700	3.7716e-21
994.800	3.7474e-21
994.900	3.7232e-21
995.000	3.6991e-21
995.100	3.6749e-21
995.200	3.6509e-21
995.300	3.6265e-21
995.400	3.6013e-21
995.500	3.5761e-21
995.600	3.5514e-21
995.700	3.5275e-21
995.800	3.5056e-21
995.900	3.4849e-21
996.000	3.4637e-21
996.100	3.4425e-21
996.200	3.4217e-21
996.300	3.4014e-21
996.400	3.3827e-21
996.500	3.3657e-21
996.600	3.3489e-21
996.700	3.3323e-21
996.800	3.3143e-21
996.900	3.2936e-21
997.000	3.2716e-21
997.100	3.2480e-21
997.200	3.2250e-21
997.300	3.2056e-21
997.400	3.1882e-21
997.500	3.1725e-21
997.600	3.1578e-21
997.700	3.1416e-21
997.800	3.1242e-21
997.900	3.1069e-21
998.000	3.0896e-21
998.100	3.0733e-21
998.200	3.0583e-21
998.300	3.0434e-21
998.400	3.0287e-21
998.500	3.0130e-21
998.600	2.9952e-21
998.700	2.9766e-21
998.800	2.9574e-21
998.900	2.9382e-21
999.000	2.9200e-21
999.100	2.9020e-21
999.200	2.8833e-21
999.300	2.8641e-21
999.400	2.8442e-21
999.500	2.8238e-21
999.600	2.8044e-21
999.700	2.7859e-21
999.800	2.7695e-21
999.900	2.7551e-21
1000.000	2.7422e-21
1000.100	2.7308e-21
1000.200	2.7204e-21
1000.300	2.7112e-21
1000.400	2.7024e-21
1000.500	2.6933e-21
1000.600	2.6842e-21
1000.700	2.6750e-21
1000.800	2.6659e-21
1000.900	2.6580e-21
1001.000	2.6510e-21
1001.100	2.6451e-21
1001.200	2.6400e-21
1001.300	2.6361e-21
1001.400	2.6332e-21
1001.500	2.6303e-21
1001.600	2.6274e-21
1001.700	2.6241e-21
1001.800	2.6201e-21
1001.900	2.6160e-21
1002.000	2.6120e-21
1002.100	2.6079e-21
1002.200	2.6039e-21
1002.300	2.5999e-21
1002.400	2.5958e-21
1002.500	2.5918e-21
1002.600	2.5877e-21
1002.700	2.5836e-21
1002.800	2.5800e-21
1002.900	2.5767e-21
1003.000	2.5748e-21
1003.100	2.5736e-21
1003.200	2.5734e-21
1003.300	2.5752e-21
1003.400	2.5779e-21
1003.500	2.5820e-21
1003.600	2.5861e-21
1003.700	2.5894e-21
1003.800	2.5923e-21
1003.900	2.5946e-21
1004.000	2.5965e-21
1004.100	2.5979e-21
1004.200	2.5989e-21
1004.300	2.5990e-21
1004.400	2.5990e-21
1004.500	2.5992e-21
1004.600	2.6002e-21
1004.700	2.6018e-21
1004.800	2.6050e-21
1004.900	2.6083e-21
1005.000	2.6115e-21
1005.100	2.6142e-21
1005.200	2.6162e-21
1005.300	2.6182e-21
1005.400	2.6209e-21
1005.500	2.6241e-21
1005.600	2.6285e-21
1005.700	2.6338e-21
1005.800	2.6397e-21
1005.900	2.6460e-21
1006.000	2.6510e-21
1006.100	2.6552e-21
1006.200	2.6580e-21
1006.300	2.6599e-21
1006.400	2.6618e-21
1006.500	2.6638e-21
1006.600	2.6658e-21
1006.700	2.6677e-21
1006.800	2.6699e-21
1006.900	2.6726e-21
1007.000	2.6759e-21
1007.100	2.6804e-21
1007.200	2.6858e-21
1007.300	2.6916e-21
1007.400	2.6977e-21
1007.500	2.7039e-21
1007.600	2.7100e-21
1007.700	2.7155e-21
1007.800	2.7204e-21
1007.900	2.7253e-21
1008.000	2.7301e-21
1008.100	2.7359e-21
1008.200	2.7438e-21
1008.300	2.7525e-21
1008.400	2.7615e-21
1008.500	2.7707e-21
1008.600	2.7796e-21
1008.700	2.7888e-21
1008.800	2.7987e-21
1008.900	2.8089e-21
1009.000	2.8183e-21
1009.100	2.8272e-21
1009.200	2.8362e-21
1009.300	2.8452e-21
1009.400	2.8548e-21
1009.500	2.8651e-21
1009.600	2.8748e-21
1009.700	2.8838e-21
1009.800	2.8928e-21
1009.900	2.9020e-21
1010.000	2.9108e-21
1010.100	2.9195e-21
1010.200	2.9269e-21
1010.300	2.9322e-21
1010.400	2.9370e-21
1010.500	2.9426e-21
1010.600	2.9488e-21
1010.700	2.9560e-21
1010.800	2.9643e-21
1010.900	2.9730e-21
1011.000	2.9822e-21
1011.100	2.9913e-21
1011.200	3.0005e-21
1011.300	3.0092e-21
1011.400	3.0171e-21
1011.500	3.0253e-21
1011.600	3.0343e-21
1011.700	3.0435e-21
1011.800	3.0524e-21
1011.900	3.0616e-21
1012.000	3.0714e-21
1012.100	3.0816e-21
1012.200	3.0927e-21
1012.300	3.1040e-21
1012.400	3.1132e-21
1012.500	3.1210e-21
1012.600	3.1284e-21
1012.700	3.1353e-21
1012.800	3.1424e-21
1012.900	3.1495e-21
1013.000	3.1562e-21
1013.100	3.1620e-21
1013.200	3.1684e-21
1013.300	3.1761e-21
1013.400	3.1847e-21
1013.500	3.1946e-21
1013.600	3.2049e-21
1013.700	3.2145e-21
1013.800	3.2234e-21
1013.900	3.2307e-21
1014.000	3.2367e-21
1014.100	3.2397e-21
1014.200	3.2416e-21
1014.300	3.2429e-21
1014.400	3.2437e-21
1014.500	3.2452e-21
1014.600	3.2484e-21
1014.700	3.2517e-21
1014.800	3.2556e-21
1014.900	3.2573e-21
1015.000	3.2566e-21
1015.100	3.2552e-21
1015.200	3.2510e-21
1015.300	3.2451e-21
1015.400	3.2400e-21
1015.500	3.2361e-21
1015.600	3.2359e-21
1015.700	3.2359e-21
1015.800	3.2365e-21
1015.900	3.2391e-21
1016.000	3.2408e-21
1016.100	3.2420e-21
1016.200	3.2423e-21
1016.300	3.2423e-21
1016.400	3.2423e-21
1016.500	3.2406e-21
1016.600	3.2378e-21
1016.700	3.2324e-21
1016.800	3.2255e-21
1016.900	3.2184e-21
1017.000	3.2113e-21
1017.100	3.2058e-21
1017.200	3.2010e-21
1017.300	3.1960e-21
1017.400	3.1911e-21
1017.500	3.1854e-21
1017.600	3.1792e-21
1017.700	3.1735e-21
1017.800	3.1682e-21
1017.900	3.1640e-21
1018.000	3.1606e-21
1018.100	3.1584e-21
1018.200	3.1571e-21
1018.300	3.1565e-21
1018.400	3.1565e-21
1018.500	3.1565e-21
1018.600	3.1565e-21
1018.700	3.1565e-21
1018.800	3.1557e-21
1018.900	3.1532e-21
1019.000	3.1500e-21
1019.100	3.1456e-21
1019.200	3.1418e-21
1019.300	3.1386e-21
1019.400	3.1367e-21
1019.500	3.1354e-21
1019.600	3.1351e-21
1019.700	3.1360e-21
1019.800	3.1375e-21
1019.900	3.1402e-21
1020.000	3.1437e-21
1020.100	3.1477e-21
1020.200	3.1518e-21
1020.300	3.1553e-21
1020.400	3.1582e-21
1020.500	3.1598e-21
1020.600	3.1607e-21
1020.700	3.1602e-21
1020.800	3.1578e-21
1020.900	3.1554e-21
1021.000	3.1529e-21
1021.100	3.1524e-21
1021.200	3.1544e-21
1021.300	3.1572e-21
1021.400	3.1612e-21
1021.500	3.1655e-21
1021.600	3.1697e-21
1021.700	3.1736e-21
1021.800	3.1771e-21
1021.900	3.1798e-21
1022.000	3.1813e-21
1022.100	3.1822e-21
1022.200	3.1823e-21
1022.300	3.1823e-21
1022.400	3.1825e-21
1022.500	3.1836e-21
1022.600	3.1851e-21
1022.700	3.1871e-21
1022.800	3.1895e-21
1022.900	3.1923e-21
1023.000	3.1959e-21
1023.100	3.2010e-21
1023.200	3.2061e-21
1023.300	3.2106e-21
1023.400	3.2142e-21
1023.500	3.2164e-21
1023.600	3.2183e-21
1023.700	3.2208e-21
1023.800	3.2240e-21
1023.900	3.2276e-21
1024.000	3.2318e-21
1024.100	3.2359e-21
1024.200	3.2399e-21
1024.300	3.2440e-21
1024.400	3.2481e-21
1024.500	3.2518e-21
1024.600	3.2550e-21
1024.700	3.2577e-21
1024.800	3.2596e-21
1024.900	3.2616e-21
1025.000	3.2644e-21
1025.100	3.2676e-21
1025.200	3.2714e-21
1025.300	3.2756e-21
1025.400	3.2798e-21
1025.500	3.2838e-21
1025.600	3.2873e-21
1025.700	3.2903e-21
1025.800	3.2927e-21
1025.900	3.2946e-21
1026.000	3.2968e-21
1026.100	3.2998e-21
1026.200	3.3032e-21
1026.300	3.3072e-21
1026.400	3.3113e-21
1026.500	3.3154e-21
1026.600	3.3194e-21
1026.700	3.3232e-21
1026.800	3.3273e-21
1026.900	3.3326e-21
1027.000	3.3389e-21
1027.100	3.3468e-21
1027.200	3.3564e-21
1027.300	3.3655e-21
1027.400	3.3746e-21
1027.500	3.3837e-21
1027.600	3.3927e-21
1027.700	3.4019e-21
1027.800	3.4114e-21
1027.900	3.4195e-21
1028.000	3.4256e-21
1028.100	3.4314e-21
1028.200	3.4373e-21
1028.300	3.4435e-21
1028.400	3.4506e-21
1028.500	3.4577e-21
1028.600	3.4632e-21
1028.700	3.4680e-21
1028.800	3.4729e-21
1028.900	3.4779e-21
1029.000	3.4834e-21
1029.100	3.4895e-21
1029.200	3.4960e-21
1029.300	3.5031e-21
1029.400	3.5102e-21
1029.500	3.5174e-21
1029.600	3.5242e-21
1029.700	3.5303e-21
1029.800	3.5362e-21
1029.900	3.5423e-21
1030.000	3.5483e-21
1030.100	3.5544e-21
1030.200	3.5604e-21
1030.300	3.5664e-21
1030.400	3.5725e-21
1030.500	3.5785e-21
1030.600	3.5844e-21
1030.700	3.5910e-21
1030.800	3.5983e-21
1030.900	3.6051e-21
1031.000	3.6116e-21
1031.100	3.6164e-21
1031.200	3.6194e-21
1031.300	3.6222e-21
1031.400	3.6251e-21
1031.500	3.6283e-21
1031.600	3.6324e-21
1031.700	3.6365e-21
1031.800	3.6392e-21
1031.900	3.6411e-21
1032.000	3.6408e-21
1032.100	3.6396e-21
1032.200	3.6378e-21
1032.300	3.6345e-21
1032.400	3.6306e-21
1032.500	3.6255e-21
1032.600	3.6240e-21
1032.700	3.6240e-21
1032.800	3.6242e-21
1032.900	3.6279e-21
1033.000	3.6304e-21
1033.100	3.6291e-21
1033.200	3.6263e-21
1033.300	3.6208e-21
1033.400	3.6126e-21
1033.500	3.6047e-21
1033.600	3.5964e-21
1033.700	3.5889e-21
1033.800	3.5819e-21
1033.900	3.5755e-21
1034.000	3.5697e-21
1034.100	3.5633e-21
1034.200	3.5563e-21
1034.300	3.5489e-21
1034.400	3.5412e-21
1034.500	3.5324e-21
1034.600	3.5220e-21
1034.700	3.5099e-21
1034.800	3.4952e-21
1034.900	3.4796e-21
1035.000	3.4652e-21
1035.100	3.4512e-21
1035.200	3.4380e-21
1035.300	3.4251e-21
1035.400	3.4110e-21
1035.500	3.3958e-21
1035.600	3.3796e-21
1035.700	3.3623e-21
1035.800	3.3450e-21
1035.900	3.3276e-21
1036.000	3.3112e-21
1036.100	3.2964e-21
1036.200	3.2810e-21
1036.300	3.2645e-21
1036.400	3.2467e-21
1036.500	3.2269e-21
1036.600	3.2064e-21
1036.700	3.1870e-21
1036.800	3.1680e-21
1036.900	3.1490e-21
1037.000	3.1299e-21
1037.100	3.1102e-21
1037.200	3.0899e-21
1037.300	3.0698e-21
1037.400	3.0496e-21
1037.500	3.0295e-21
1037.600	3.0092e-21
1037.700	2.9893e-21
1037.800	2.9699e-21
1037.900	2.9513e-21
1038.000	2.9338e-21
1038.100	2.9171e-21
1038.200	2.9008e-21
1038.300	2.8848e-21
1038.400	2.8689e-21
1038.500	2.8528e-21
1038.600	2.8356e-21
1038.700	2.8173e-21
1038.800	2.7977e-21
1038.900	2.7768e-21
1039.000	2.7589e-21
1039.100	2.7435e-21
1039.200	2.7304e-21
1039.300	2.7197e-21
1039.400	2.7083e-21
1039.500	2.6943e-21
1039.600	2.6798e-21
1039.700	2.6654e-21
1039.800	2.6516e-21
1039.900	2.6390e-21
1040.000	2.6272e-21
1040.100	2.6157e-21
1040.200	2.6047e-21
1040.300	2.5948e-21
1040.400	2.5859e-21
1040.500	2.5775e-21
1040.600	2.5695e-21
1040.700	2.5615e-21
1040.800	2.5533e-21
1040.900	2.5455e-21
1041.000	2.5383e-21
1041.100	2.5316e-21
1041.200	2.5254e-21
1041.300	2.5196e-21
1041.400	2.5141e-21
1041.500	2.5094e-21
1041.600	2.5061e-21
1041.700	2.5032e-21
1041.800	2.5003e-21
1041.900	2.4973e-21
1042.000	2.4937e-21
1042.100	2.4894e-21
1042.200	2.4856e-21
1042.300	2.4820e-21
1042.400	2.4811e-21
1042.500	2.4811e-21
1042.600	2.4811e-21
1042.700	2.4830e-21
1042.800	2.4856e-21
1042.900	2.4884e-21
1043.000	2.4917e-21
1043.100	2.4961e-21
1043.200	2.5000e-21
1043.300	2.5016e-21
1043.400	2.5024e-21
1043.500	2.5016e-21
1043.600	2.4990e-21
1043.700	2.4974e-21
1043.800	2.4963e-21
1043.900	2.4962e-21
1044.000	2.4972e-21
1044.100	2.4988e-21
1044.200	2.5018e-21
1044.300	2.5053e-21
1044.400	2.5093e-21
1044.500	2.5135e-21
1044.600	2.5176e-21
1044.700	2.5216e-21
1044.800	2.5251e-21
1044.900	2.5279e-21
1045.000	2.5292e-21
1045.100	2.5301e-21
1045.200	2.5310e-21
1045.300	2.5319e-21
1045.400	2.5338e-21
1045.500	2.5372e-21
1045.600	2.5400e-21
1045.700	2.5425e-21
1045.800	2.5431e-21
1045.900	2.5419e-21
1046.000	2.5411e-21
1046.100	2.5411e-21
1046.200	2.5411e-21
1046.300	2.5432e-21
1046.400	2.5471e-21
1046.500	2.5511e-21
1046.600	2.5552e-21
1046.700	2.5586e-21
1046.800	2.5616e-21
1046.900	2.5639e-21
1047.000	2.5657e-21
1047.100	2.5682e-21
1047.200	2.5713e-21
1047.300	2.5745e-21
1047.400	2.5779e-21
1047.500	2.5801e-21
1047.600	2.5814e-21
1047.700	2.5818e-21
1047.800	2.5818e-21
1047.900	2.5818e-21
1048.000	2.5813e-21
1048.100	2.5799e-21
1048.200	2.5771e-21
1048.300	2.5724e-21
1048.400	2.5675e-21
1048.500	2.5622e-21
1048.600	2.5584e-21
1048.700	2.5555e-21
1048.800	2.5526e-21
1048.900	2.5498e-21
1049.000	2.5462e-21
1049.100	2.5413e-21
1049.200	2.5356e-21
1049.300	2.5288e-21
1049.400	2.5213e-21
1049.500	2.5132e-21
1049.600	2.5051e-21
1049.700	2.4978e-21
1049.800	2.4909e-21
1049.900	2.4846e-21
1050.000	2.4787e-21
1050.100	2.4726e-21
1050.200	2.4665e-21
1050.300	2.4610e-21
1050.400	2.4560e-21
1050.500	2.4511e-21
1050.600	2.4464e-21
1050.700	2.4405e-21
1050.800	2.4326e-21
1050.900	2.4239e-21
1051.000	2.4146e-21
1051.100	2.4058e-21
1051.200	2.3985e-21
1051.300	2.3917e-21
1051.400	2.3847e-21
1051.500	2.3777e-21
1051.600	2.3700e-21
1051.700	2.3619e-21
1051.800	2.3533e-21
1051.900	2.3443e-21
1052.000	2.3343e-21
1052.100	2.3232e-21
1052.200	2.3113e-21
1052.300	2.2982e-21
1052.400	2.2846e-21
1052.500	2.2705e-21
1052.600	2.2563e-21
1052.700	2.2422e-21
1052.800	2.2281e-21
1052.900	2.2140e-21
1053.000	2.1999e-21
1053.100	2.1860e-21
1053.200	2.1719e-21
1053.300	2.1572e-21
1053.400	2.1420e-21
1053.500	2.1263e-21
1053.600	2.1101e-21
1053.700	2.0939e-21
1053.800	2.0778e-21
1053.900	2.0616e-21
1054.000	2.0452e-21
1054.100	2.0297e-21
1054.200	2.0154e-21
1054.300	2.0018e-21
1054.400	1.9887e-21
1054.500	1.9756e-21
1054.600	1.9615e-21
1054.700	1.9473e-21
1054.800	1.9348e-21
1054.900	1.9230e-21
1055.000	1.9106e-21
1055.100	1.8976e-21
1055.200	1.8824e-21
1055.300	1.8647e-21
1055.400	1.8477e-21
1055.500	1.8314e-21
1055.600	1.8161e-21
1055.700	1.8020e-21
1055.800	1.7881e-21
1055.900	1.7740e-21
1056.000	1.7599e-21
1056.100	1.7457e-21
1056.200	1.7317e-21
1056.300	1.7181e-21
1056.400	1.7052e-21
1056.500	1.6944e-21
1056.600	1.6848e-21
1056.700	1.6744e-21
1056.800	1.6635e-21
1056.900	1.6500e-21
1057.000	1.6333e-21
1057.100	1.6171e-21
1057.200	1.6015e-21
1057.300	1.5879e-21
1057.400	1.5769e-21
1057.500	1.5660e-21
1057.600	1.5543e-21
1057.700	1.5418e-21
1057.800	1.5278e-21
1057.900	1.5135e-21
1058.000	1.5001e-21
1058.100	1.4872e-21
1058.200	1.4748e-21
1058.300	1.4628e-21
1058.400	1.4508e-21
1058.500	1.4388e-21
1058.600	1.4263e-21
1058.700	1.4133e-21
1058.800	1.3997e-21
1058.900	1.3854e-21
1059.000	1.3715e-21
1059.100	1.3584e-21
1059.200	1.3455e-21
1059.300	1.3326e-21
1059.400	1.3193e-21
1059.500	1.3047e-21
1059.600	1.2892e-21
1059.700	1.2731e-21
1059.800	1.2569e-21
1059.900	1.2418e-21
1060.000	1.2278e-21
1060.100	1.2156e-21
1060.200	1.2049e-21
1060.300	1.1935e-21
1060.400	1.1813e-21
1060.500	1.1691e-21
1060.600	1.1566e-21
1060.700	1.1454e-21
1060.800	1.1364e-21
1060.900	1.1274e-21
1061.000	1.1175e-21
1061.100	1.1073e-21
1061.200	1.0968e-21
1061.300	1.0868e-21
1061.400	1.0792e-21
1061.500	1.0725e-21
1061.600	1.0649e-21
1061.700	1.0568e-21
1061.800	1.0481e-21
1061.900	1.0387e-21
1062.000	1.0305e-21
1062.100	1.0234e-21
1062.200	1.0168e-21
1062.300	1.0108e-21
1062.400	1.0048e-21
1062.500	9.9865e-22
1062.600	9.9277e-22
1062.700	9.8747e-22
1062.800	9.8265e-22
1062.900	9.7853e-22
1063.000	9.7461e-22
1063.100	9.6993e-22
1063.200	9.6475e-22
1063.300	9.5968e-22
1063.400	9.5465e-22
1063.500	9.4962e-22
1063.600	9.4458e-22
1063.700	9.3952e-22
1063.800	9.3434e-22
1063.900	9.2964e-22
1064.000	9.2573e-22
1064.100	9.2161e-22
1064.200	9.1667e-22
1064.300	9.1149e-22
1064.400	9.0632e-22
1064.500	9.0135e-22
1064.600	8.9710e-22
1064.700	8.9320e-22
1064.800	8.8926e-22
1064.900	8.8528e-22
1065.000	8.8071e-22
1065.100	8.7556e-22
1065.200	8.7043e-22
1065.300	8.6526e-22
1065.400	8.6063e-22
1065.500	8.5662e-22
1065.600	8.5268e-22
1065.700	8.4865e-22
1065.800	8.4462e-22
1065.900	8.4060e-22
1066.000	8.3657e-22
1066.100	8.3241e-22
1066.200	8.2842e-22
1066.300	8.2516e-22
1066.400	8.2226e-22
1066.500	8.1937e-22
1066.600	8.1645e-22
1066.700	8.1250e-22
1066.800	8.0723e-22
1066.900	8.0197e-22
1067.000	7.9662e-22
1067.100	7.9240e-22
1067.200	7.8939e-22
1067.300	7.8652e-22
1067.400	7.8350e-22
1067.500	7.8048e-22
1067.600	7.7746e-22
1067.700	7.7444e-22
1067.800	7.7151e-22
1067.900	7.6848e-22
1068.000	7.6478e-22
1068.100	7.6061e-22
1068.200	7.5661e-22
1068.300	7.5265e-22
1068.400	7.4815e-22
1068.500	7.4302e-22
1068.600	7.3785e-22
1068.700	7.3249e-22
1068.800	7.2820e-22
1068.900	7.2516e-22
1069.000	7.2231e-22
1069.100	7.1941e-22
1069.200	7.1627e-22
1069.300	7.1241e-22
1069.400	7.0823e-22
1069.500	7.0420e-22
1069.600	7.0017e-22
1069.700	6.9605e-22
1069.800	6.9196e-22
1069.900	6.8848e-22
1070.000	6.8544e-22
1070.100	6.8300e-22
1070.200	6.8105e-22
1070.300	6.7909e-22
1070.400	6.7708e-22
1070.500	6.7507e-22
1070.600	6.7317e-22
1070.700	6.7100e-22
1070.800	6.6821e-22
1070.900	6.6494e-22
1071.000	6.6111e-22
1071.100	6.5692e-22
1071.200	6.5289e-22
1071.300	6.4886e-22
1071.400	6.4475e-22
1071.500	6.4065e-22
1071.600	6.3721e-22
1071.700	6.3427e-22
1071.800	6.3130e-22
1071.900	6.2828e-22
1072.000	6.2526e-22
1072.100	6.2224e-22
1072.200	6.1923e-22
1072.300	6.1649e-22
1072.400	6.1314e-22
1072.500	6.0757e-22
1072.600	6.0099e-22
1072.700	5.9449e-22
1072.800	5.8854e-22
1072.900	5.8490e-22
1073.000	5.8214e-22
1073.100	5.7917e-22
1073.200	5.7615e-22
1073.300	5.7307e-22
1073.400	5.6992e-22
1073.500	5.6740e-22
1073.600	5.6553e-22
1073.700	5.6333e-22
1073.800	5.6043e-22
1073.900	5.5708e-22
1074.000	5.5298e-22
1074.100	5.4897e-22
1074.200	5.4567e-22
1074.300	5.4285e-22
1074.400	5.4074e-22
1074.500	5.3884e-22
1074.600	5.3627e-22
1074.700	5.3314e-22
1074.800	5.2946e-22
1074.900	5.2521e-22
1075.000	5.2166e-22
1075.100	5.1870e-22
1075.200	5.1576e-22
1075.300	5.1286e-22
1075.400	5.0957e-22
1075.500	5.0541e-22
1075.600	5.0148e-22
1075.700	4.9822e-22
1075.800	4.9545e-22
1075.900	4.9331e-22
1076.000	4.9140e-22
1076.100	4.8947e-22
1076.200	4.8747e-22
1076.300	4.8492e-22
1076.400	4.8180e-22
1076.500	4.7816e-22
1076.600	4.7391e-22
1076.700	4.7032e-22
1076.800	4.6735e-22
1076.900	4.6441e-22
1077.000	4.6151e-22
1077.100	4.5825e-22
1077.200	4.5411e-22
1077.300	4.5015e-22
1077.400	4.4703e-22
1077.500	4.4413e-22
1077.600	4.4121e-22
1077.700	4.3816e-22
1077.800	4.3435e-22
1077.900	4.3013e-22
1078.000	4.2666e-22
1078.100	4.2366e-22
1078.200	4.2132e-22
1078.300	4.1952e-22
1078.400	4.1693e-22
1078.500	4.1288e-22
1078.600	4.0829e-22
1078.700	4.0291e-22
1078.800	3.9834e-22
1078.900	3.9523e-22
1079.000	3.9239e-22
1079.100	3.8948e-22
1079.200	3.8640e-22
1079.300	3.8262e-22
1079.400	3.7843e-22
1079.500	3.7439e-22
1079.600	3.7036e-22
1079.700	3.6633e-22
1079.800	3.6231e-22
1079.900	3.5823e-22
1080.000	3.5407e-22
1080.100	3.5045e-22
1080.200	3.4730e-22
1080.300	3.4472e-22
1080.400	3.4280e-22
1080.500	3.4071e-22
1080.600	3.3791e-22
1080.700	3.3462e-22
1080.800	3.3064e-22
1080.900	3.2651e-22
1081.000	3.2315e-22
1081.100	3.2024e-22
1081.200	3.1795e-22
1081.300	3.1604e-22
1081.400	3.1405e-22
1081.500	3.1204e-22
1081.600	3.1003e-22
1081.700	3.0801e-22
1081.800	3.0600e-22
1081.900	3.0399e-22
1082.000	3.0198e-22
1082.100	3.0016e-22
1082.200	2.9790e-22
1082.300	2.9427e-22
1082.400	2.8980e-22
1082.500	2.8468e-22
1082.600	2.7957e-22
1082.700	2.7600e-22
1082.800	2.7315e-22
1082.900	2.7076e-22
1083.000	2.6875e-22
1083.100	2.6730e-22
1083.200	2.6615e-22
1083.300	2.6590e-22
1083.400	2.6590e-22
1083.500	2.6590e-22
1083.600	2.6590e-22
1083.700	2.6590e-22
1083.800	2.6590e-22
1083.900	2.6590e-22
1084.000	2.6528e-22
1084.100	2.6392e-22
1084.200	2.6152e-22
1084.300	2.5808e-22
1084.400	2.5492e-22
1084.500	2.5185e-22
1084.600	2.4949e-22
1084.700	2.4757e-22
1084.800	2.4553e-22
1084.900	2.4337e-22
1085.000	2.4186e-22
1085.100	2.4088e-22
1085.200	2.3994e-22
1085.300	2.3902e-22
1085.400	2.3786e-22
1085.500	2.3577e-22
1085.600	2.3376e-22
1085.700	2.3241e-22
1085.800	2.3161e-22
1085.900	2.3159e-22
1086.000	2.3159e-22
1086.100	2.3159e-22
1086.200	2.3159e-22
1086.300	2.3159e-22
1086.400	2.3159e-22
1086.500	2.3159e-22
1086.600	2.3159e-22
1086.700	2.3159e-22
1086.800	2.3159e-22
1086.900	2.3156e-22
1087.000	2.3071e-22
1087.100	2.2935e-22
1087.200	2.2747e-22
1087.300	2.2528e-22
1087.400	2.2326e-22
1087.500	2.2125e-22
1087.600	2.1910e-22
1087.700	2.1707e-22
1087.800	2.1564e-22
1087.900	2.1458e-22
1088.000	2.1444e-22
1088.100	2.1444e-22
1088.200	2.1431e-22
1088.300	2.1327e-22
1088.400	2.1185e-22
1088.500	2.0982e-22
1088.600	2.0768e-22
1088.700	2.0566e-22
1088.800	2.0365e-22
1088.900	2.0146e-22
1089.000	1.9956e-22
1089.100	1.9842e-22
1089.200	1.9750e-22
1089.300	1.9656e-22
1089.400	1.9558e-22
1089.500	1.9405e-22
1089.600	1.9189e-22
1089.700	1.8981e-22
1089.800	1.8780e-22
1089.900	1.8575e-22
1090.000	1.8356e-22
1090.100	1.8192e-22
1090.200	1.8063e-22
1090.300	1.8013e-22
1090.400	1.8013e-22
1090.500	1.8013e-22
1090.600	1.8013e-22
1090.700	1.8013e-22
1090.800	1.7967e-22
1090.900	1.7838e-22
1091.000	1.7624e-22
1091.100	1.7283e-22
1091.200	1.6954e-22
1091.300	1.6625e-22
1091.400	1.6441e-22
1091.500	1.6325e-22
1091.600	1.6297e-22
1091.700	1.6297e-22
1091.800	1.6297e-22
1091.900	1.6297e-22
1092.000	1.6297e-22
1092.100	1.6297e-22
1092.200	1.6297e-22
1092.300	1.6297e-22
1092.400	1.6297e-22
1092.500	1.6297e-22
1092.600	1.6297e-22
1092.700	1.6267e-22
1092.800	1.6148e-22
1092.900	1.5958e-22
1093.000	1.5627e-22
1093.100	1.5297e-22
1093.200	1.4958e-22
1093.300	1.4750e-22
1093.400	1.4624e-22
1093.500	1.4582e-22
1093.600	1.4582e-22
1093.700	1.4582e-22
1093.800	1.4582e-22
1093.900	1.4582e-22
1094.000	1.4582e-22
1094.100	1.4582e-22
1094.200	1.4543e-22
1094.300	1.4419e-22
1094.400	1.4217e-22
1094.500	1.3880e-22
1094.600	1.3550e-22
1094.700	1.3216e-22
1094.800	1.3022e-22
1094.900	1.2900e-22
1095.000	1.2866e-22
1095.100	1.2866e-22
1095.200	1.2865e-22
1095.300	1.2791e-22
1095.400	1.2651e-22
1095.500	1.2390e-22
1095.600	1.2047e-22
1095.700	1.1712e-22
1095.800	1.1412e-22
1095.900	1.1257e-22
1096.000	1.1161e-22
1096.100	1.1151e-22
1096.200	1.1151e-22
1096.300	1.1151e-22
1096.400	1.1151e-22
1096.500	1.1151e-22
1096.600	1.1151e-22
1096.700	1.1147e-22
1096.800	1.1060e-22
1096.900	1.0923e-22
1097.000	1.0733e-22
1097.100	1.0514e-22
1097.200	1.0297e-22
1097.300	1.0102e-22
1097.400	9.9639e-23
1097.500	9.8706e-23
1097.600	9.9367e-23
1097.700	1.0183e-22
1097.800	1.0466e-22
1097.900	1.0809e-22
1098.000	1.1003e-22
1098.100	1.1121e-22
1098.200	1.1144e-22
1098.300	1.1053e-22
1098.400	1.0903e-22
1098.500	1.0613e-22
1098.600	1.0275e-22
1098.700	9.9337e-23
1098.800	9.6614e-23
1098.900	9.5185e-23
1099.000	9.4381e-23
1099.100	9.4353e-23
1099.200	9.4353e-23
1099.300	9.4353e-23
1099.400	9.4353e-23
1099.500	9.4353e-23
1099.600	9.4353e-23
1099.700	9.4353e-23
1099.800	9.4353e-23
1099.900	9.4301e-23
1100.000	9.3427e-23
1100.100	9.1955e-23
1100.200	8.9110e-23
1100.300	8.5721e-23
1100.400	8.2317e-23
1100.500	7.9529e-23
1100.600	7.8079e-23
1100.700	7.7238e-23
1100.800	7.7198e-23
1100.900	7.7198e-23
1101.000	7.7198e-23
1101.100	7.7198e-23
1101.200	7.7198e-23
1101.300	7.7198e-23
1101.400	7.7198e-23
1101.500	7.7198e-23
1101.600	7.7198e-23
1101.700	7.7198e-23
1101.800	7.7198e-23
1101.900	7.7198e-23
1102.000	7.7198e-23
1102.100	7.7198e-23
1102.200	7.7198e-23
1102.300	7.7198e-23
1102.400	7.7198e-23
1102.500	7.7198e-23
1102.600	7.7198e-23
1102.700	7.7198e-23
1102.800	7.7198e-23
1102.900	7.7198e-23
1103.000	7.7198e-23
1103.100	7.7118e-23
1103.200	7.6154e-23
1103.300	7.4751e-23
1103.400	7.2595e-23
1103.500	7.0671e-23
1103.600	6.9330e-23
1103.700	6.8623e-23
1103.800	6.9193e-23
1103.900	7.0504e-23
1104.000	7.2314e-23
1104.100	7.4536e-23
1104.200	7.5992e-23
1104.300	7.7052e-23
1104.400	7.7198e-23
1104.500	7.7198e-23
1104.600	7.7070e-23
1104.700	7.6034e-23
1104.800	7.4593e-23
1104.900	7.2385e-23
1105.000	7.0547e-23
1105.100	6.9227e-23
1105.200	6.8620e-23
1105.300	6.8620e-23
1105.400	6.8620e-23
1105.500	6.8620e-23
1105.600	6.8620e-23
1105.700	6.8620e-23
1105.800	6.8620e-23
1105.900	6.8337e-23
1106.000	6.7154e-23
1106.100	6.5585e-23
1106.200	6.3312e-23
1106.300	6.1662e-23
1106.400	6.0423e-23
1106.500	6.0090e-23
1106.600	6.0985e-23
1106.700	6.2362e-23
1106.800	6.4462e-23
1106.900	6.6463e-23
1107.000	6.7816e-23
1107.100	6.8606e-23
1107.200	6.8620e-23
1107.300	6.8620e-23
1107.400	6.8620e-23
1107.500	6.8620e-23
1107.600	6.8620e-23
1107.700	6.8620e-23
1107.800	6.8461e-23
1107.900	6.7387e-23
1108.000	6.5921e-23
1108.100	6.3690e-23
1108.200	6.1899e-23
1108.300	6.0593e-23
1108.400	6.0048e-23
1108.500	6.0777e-23
1108.600	6.2121e-23
1108.700	6.4064e-23
1108.800	6.6207e-23
1108.900	6.7603e-23
1109.000	6.8550e-23
1109.100	6.8620e-23
1109.200	6.8620e-23
1109.300	6.8620e-23
1109.400	6.8620e-23
1109.500	6.8620e-23
1109.600	6.8620e-23
1109.700	6.8620e-23
1109.800	6.8620e-23
1109.900	6.8600e-23
1110.000	6.7826e-23
