880.000	1.1370e-22
880.100	1.1446e-22
880.200	1.1523e-22
880.300	1.1600e-22
880.400	1.1677e-22
880.500	1.1755e-22
880.600	1.1834e-22
880.700	1.1913e-22
880.800	1.1993e-22
880.900	1.2073e-22
881.000	1.2153e-22
881.100	1.2235e-22
881.200	1.2316e-22
881.300	1.2399e-22
881.400	1.2482e-22
881.500	1.2565e-22
881.600	1.2649e-22
881.700	1.2734e-22
881.800	1.2819e-22
881.900	1.2905e-22
882.000	1.2991e-22
882.100	1.3078e-22
882.200	1.3165e-22
882.300	1.3253e-22
882.400	1.3342e-22
882.500	1.3431e-22
882.600	1.3521e-22
882.700	1.3611e-22
882.800	1.3702e-22
882.900	1.3794e-22
883.000	1.3886e-22
883.100	1.3979e-22
883.200	1.4072e-22
883.300	1.4166e-22
883.400	1.4261e-22
883.500	1.4356e-22
883.600	1.4452e-22
883.700	1.4549e-22
883.800	1.4646e-22
883.900	1.4744e-22
884.000	1.4843e-22
884.100	1.4942e-22
884.200	1.5042e-22
884.300	1.5143e-22
884.400	1.5244e-22
884.500	1.5346e-22
884.600	1.5448e-22
884.700	1.5552e-22
884.800	1.5656e-22
884.900	1.5714e-22
885.000	1.5714e-22
885.100	1.5714e-22
885.200	1.5714e-22
885.300	1.5714e-22
885.400	1.5714e-22
885.500	1.5714e-22
885.600	1.5714e-22
885.700	1.5714e-22
885.800	1.5714e-22
885.900	1.5801e-22
886.000	1.7365e-22
886.100	1.7983e-22
886.200	1.8215e-22
886.300	1.8426e-22
886.400	1.8619e-22
886.500	1.8794e-22
886.600	1.8952e-22
886.700	1.9094e-22
886.800	1.9221e-22
886.900	1.9334e-22
887.000	1.9435e-22
887.100	1.9524e-22
887.200	1.9602e-22
887.300	1.9670e-22
887.400	1.9729e-22
887.500	1.9780e-22
887.600	1.9825e-22
887.700	1.9863e-22
887.800	1.9897e-22
887.900	1.9928e-22
888.000	1.9955e-22
888.100	1.9980e-22
888.200	2.0005e-22
888.300	2.0030e-22
888.400	2.0056e-22
888.500	2.0085e-22
888.600	2.0116e-22
888.700	2.0152e-22
888.800	2.0193e-22
888.900	2.0241e-22
889.000	2.0295e-22
889.100	2.0358e-22
889.200	2.0430e-22
889.300	2.0512e-22
889.400	2.0606e-22
889.500	2.0712e-22
889.600	2.0831e-22
889.700	2.0964e-22
889.800	2.1113e-22
889.900	2.1278e-22
890.000	2.1460e-22
890.100	2.1661e-22
890.200	2.1881e-22
890.300	2.2121e-22
890.400	2.3376e-22
890.500	2.4286e-22
890.600	2.4286e-22
890.700	2.4286e-22
890.800	2.4286e-22
890.900	2.4563e-22
891.000	2.5023e-22
891.100	2.5254e-22
891.200	2.5471e-22
891.300	2.5672e-22
891.400	2.5854e-22
891.500	2.6016e-22
891.600	2.6154e-22
891.700	2.6267e-22
891.800	2.6352e-22
891.900	2.6407e-22
892.000	2.6428e-22
892.100	2.5772e-22
892.200	2.4936e-22
892.300	2.4573e-22
892.400	2.4240e-22
892.500	2.3932e-22
892.600	2.3650e-22
892.700	2.3391e-22
892.800	2.3154e-22
892.900	2.2935e-22
893.000	2.2734e-22
893.100	2.2549e-22
893.200	2.2377e-22
893.300	2.2218e-22
893.400	2.2068e-22
893.500	2.1927e-22
893.600	2.1791e-22
893.700	2.1661e-22
893.800	2.1532e-22
893.900	2.1405e-22
894.000	2.1276e-22
894.100	2.1144e-22
894.200	2.1007e-22
894.300	2.0864e-22
894.400	2.0712e-22
894.500	2.0538e-22
894.600	2.0352e-22
894.700	2.0182e-22
894.800	2.0055e-22
894.900	2.0000e-22
895.000	2.0002e-22
895.100	2.0008e-22
895.200	2.0020e-22
895.300	2.0037e-22
895.400	2.0059e-22
895.500	2.0087e-22
895.600	2.0121e-22
895.700	2.0161e-22
895.800	2.0207e-22
895.900	2.0260e-22
896.000	2.0320e-22
896.100	2.0387e-22
896.200	2.0461e-22
896.300	2.0543e-22
896.400	2.0633e-22
896.500	2.0731e-22
896.600	2.0837e-22
896.700	2.0952e-22
896.800	2.1075e-22
896.900	2.1207e-22
897.000	2.1349e-22
897.100	2.1500e-22
897.200	2.1661e-22
897.300	2.1832e-22
897.400	2.2013e-22
897.500	2.2204e-22
897.600	2.2406e-22
897.700	2.2619e-22
897.800	2.2843e-22
897.900	2.3723e-22
898.000	2.4286e-22
898.100	2.4286e-22
898.200	2.4286e-22
898.300	2.4286e-22
898.400	2.4286e-22
898.500	2.4289e-22
898.600	2.4476e-22
898.700	2.4796e-22
898.800	2.5260e-22
898.900	2.5560e-22
899.000	2.5714e-22
899.100	2.5714e-22
899.200	2.5732e-22
899.300	2.5957e-22
899.400	2.6308e-22
899.500	2.6755e-22
899.600	2.7035e-22
899.700	2.7143e-22
899.800	2.7143e-22
899.900	2.7143e-22
900.000	2.7143e-22
900.100	2.7246e-22
900.200	2.7524e-22
900.300	2.7934e-22
900.400	2.8373e-22
900.500	2.8792e-22
900.600	2.9234e-22
900.700	2.9635e-22
900.800	2.9909e-22
900.900	3.0000e-22
901.000	3.0000e-22
901.100	3.0000e-22
901.200	3.0000e-22
901.300	3.0298e-22
901.400	3.0760e-22
901.500	3.1013e-22
901.600	3.1215e-22
901.700	3.1387e-22
901.800	3.1553e-22
901.900	3.1737e-22
902.000	3.1961e-22
902.100	3.2282e-22
902.200	3.2792e-22
902.300	3.2857e-22
902.400	3.2857e-22
902.500	3.2857e-22
902.600	3.2857e-22
902.700	3.2857e-22
902.800	3.2857e-22
902.900	3.2857e-22
903.000	3.3080e-22
903.100	3.3643e-22
903.200	3.4541e-22
903.300	3.5238e-22
903.400	3.5682e-22
903.500	3.5714e-22
903.600	3.5714e-22
903.700	3.5714e-22
903.800	3.5731e-22
903.900	3.5955e-22
904.000	3.6305e-22
904.100	3.6753e-22
904.200	3.6987e-22
904.300	3.7181e-22
904.400	3.7374e-22
904.500	3.7682e-22
904.600	3.8142e-22
904.700	3.8435e-22
904.800	3.8571e-22
904.900	3.8571e-22
905.000	3.8571e-22
905.100	3.8571e-22
905.200	3.8649e-22
905.300	3.8919e-22
905.400	3.9308e-22
905.500	3.9752e-22
905.600	4.0171e-22
905.700	4.0608e-22
905.800	4.1027e-22
905.900	4.1265e-22
906.000	4.1459e-22
906.100	4.1652e-22
906.200	4.1938e-22
906.300	4.2387e-22
906.400	4.2811e-22
906.500	4.3230e-22
906.600	4.3649e-22
906.700	4.4068e-22
906.800	4.4487e-22
906.900	4.4927e-22
907.000	4.5335e-22
907.100	4.5613e-22
907.200	4.5714e-22
907.300	4.5714e-22
907.400	4.5811e-22
907.500	4.6322e-22
907.600	4.7105e-22
907.700	4.7917e-22
907.800	4.8376e-22
907.900	4.8665e-22
908.000	4.8848e-22
908.100	4.9294e-22
908.200	4.9999e-22
908.300	5.0658e-22
908.400	5.1212e-22
908.500	5.1620e-22
908.600	5.2052e-22
908.700	5.2466e-22
908.800	5.2700e-22
908.900	5.2893e-22
909.000	5.3079e-22
909.100	5.3428e-22
909.200	5.4120e-22
909.300	5.4907e-22
909.400	5.5773e-22
909.500	5.6612e-22
909.600	5.7457e-22
909.700	5.8314e-22
909.800	5.9060e-22
909.900	5.9629e-22
910.000	5.9846e-22
910.100	6.0076e-22
910.200	6.0480e-22
910.300	6.1105e-22
910.400	6.2011e-22
910.500	6.2853e-22
910.600	6.3692e-22
910.700	6.4560e-22
910.800	6.5298e-22
910.900	6.5908e-22
911.000	6.6505e-22
911.100	6.7167e-22
911.200	6.8158e-22
911.300	6.9321e-22
911.400	7.0616e-22
911.500	7.1786e-22
911.600	7.2792e-22
911.700	7.3466e-22
911.800	7.4062e-22
911.900	7.4670e-22
912.000	7.5411e-22
912.100	7.6283e-22
912.200	7.6938e-22
912.300	7.7574e-22
912.400	7.8351e-22
912.500	7.9429e-22
912.600	8.0987e-22
912.700	8.2397e-22
912.800	8.3564e-22
912.900	8.4231e-22
913.000	8.4820e-22
913.100	8.5431e-22
913.200	8.6161e-22
913.300	8.7031e-22
913.400	8.8002e-22
913.500	8.9152e-22
913.600	9.0626e-22
913.700	9.2131e-22
913.800	9.3607e-22
913.900	9.4917e-22
914.000	9.6152e-22
914.100	9.7409e-22
914.200	9.8661e-22
914.300	9.9903e-22
914.400	1.0128e-21
914.500	1.0278e-21
914.600	1.0443e-21
914.700	1.0613e-21
914.800	1.0781e-21
914.900	1.0948e-21
915.000	1.1116e-21
915.100	1.1278e-21
915.200	1.1456e-21
915.300	1.1698e-21
915.400	1.1895e-21
915.500	1.2037e-21
915.600	1.2167e-21
915.700	1.2326e-21
915.800	1.2529e-21
915.900	1.2830e-21
916.000	1.3336e-21
916.100	1.4068e-21
916.200	1.4972e-21
916.300	1.5633e-21
916.400	1.6116e-21
916.500	1.6421e-21
916.600	1.6744e-21
916.700	1.7104e-21
916.800	1.7490e-21
916.900	1.7897e-21
917.000	1.8318e-21
917.100	1.8731e-21
917.200	1.9129e-21
917.300	1.9511e-21
917.400	1.9887e-21
917.500	2.0278e-21
917.600	2.0690e-21
917.700	2.1127e-21
917.800	2.1599e-21
917.900	2.2111e-21
918.000	2.2661e-21
918.100	2.3243e-21
918.200	2.3851e-21
918.300	2.4463e-21
918.400	2.5073e-21
918.500	2.5652e-21
918.600	2.6210e-21
918.700	2.6759e-21
918.800	2.7295e-21
918.900	2.7819e-21
919.000	2.8331e-21
919.100	2.8830e-21
919.200	2.9320e-21
919.300	2.9789e-21
919.400	3.0232e-21
919.500	3.0652e-21
919.600	3.1046e-21
919.700	3.1398e-21
919.800	3.1719e-21
919.900	3.2015e-21
920.000	3.2300e-21
920.100	3.2574e-21
920.200	3.2805e-21
920.300	3.3003e-21
920.400	3.3177e-21
920.500	3.3336e-21
920.600	3.3488e-21
920.700	3.3600e-21
920.800	3.3675e-21
920.900	3.3705e-21
921.000	3.3714e-21
921.100	3.3714e-21
921.200	3.3714e-21
921.300	3.3714e-21
921.400	3.3730e-21
921.500	3.3750e-21
921.600	3.3750e-21
921.700	3.3738e-21
921.800	3.3640e-21
921.900	3.3531e-21
922.000	3.3430e-21
922.100	3.3374e-21
922.200	3.3359e-21
922.300	3.3382e-21
922.400	3.3407e-21
922.500	3.3428e-21
922.600	3.3404e-21
922.700	3.3347e-21
922.800	3.3256e-21
922.900	3.3190e-21
923.000	3.3150e-21
923.100	3.3127e-21
923.200	3.3105e-21
923.300	3.3050e-21
923.400	3.2970e-21
923.500	3.2864e-21
923.600	3.2733e-21
923.700	3.2580e-21
923.800	3.2431e-21
923.900	3.2290e-21
924.000	3.2168e-21
924.100	3.2033e-21
924.200	3.1884e-21
924.300	3.1721e-21
924.400	3.1551e-21
924.500	3.1380e-21
924.600	3.1221e-21
924.700	3.1075e-21
924.800	3.0945e-21
924.900	3.0820e-21
925.000	3.0679e-21
925.100	3.0518e-21
925.200	3.0326e-21
925.300	3.0133e-21
925.400	2.9945e-21
925.500	2.9793e-21
925.600	2.9650e-21
925.700	2.9506e-21
925.800	2.9348e-21
925.900	2.9177e-21
926.000	2.9020e-21
926.100	2.8883e-21
926.200	2.8774e-21
926.300	2.8681e-21
926.400	2.8600e-21
926.500	2.8505e-21
926.600	2.8396e-21
926.700	2.8273e-21
926.800	2.8145e-21
926.900	2.8019e-21
927.000	2.7893e-21
927.100	2.7768e-21
927.200	2.7644e-21
927.300	2.7514e-21
927.400	2.7367e-21
927.500	2.7217e-21
927.600	2.7068e-21
927.700	2.6953e-21
927.800	2.6852e-21
927.900	2.6750e-21
928.000	2.6637e-21
928.100	2.6505e-21
928.200	2.6403e-21
928.300	2.6325e-21
928.400	2.6282e-21
928.500	2.6238e-21
928.600	2.6176e-21
928.700	2.6102e-21
928.800	2.6015e-21
928.900	2.5929e-21
929.000	2.5848e-21
929.100	2.5770e-21
929.200	2.5753e-21
929.300	2.5776e-21
929.400	2.5842e-21
929.500	2.5929e-21
929.600	2.5957e-21
929.700	2.5958e-21
929.800	2.5887e-21
929.900	2.5811e-21
930.000	2.5751e-21
930.100	2.5750e-21
930.200	2.5753e-21
930.300	2.5818e-21
930.400	2.5894e-21
930.500	2.5961e-21
930.600	2.5955e-21
930.700	2.5926e-21
930.800	2.5839e-21
930.900	2.5764e-21
931.000	2.5718e-21
931.100	2.5721e-21
931.200	2.5749e-21
931.300	2.5805e-21
931.400	2.5875e-21
931.500	2.5944e-21
931.600	2.5981e-21
931.700	2.6000e-21
931.800	2.5989e-21
931.900	2.5959e-21
932.000	2.5896e-21
932.100	2.5826e-21
932.200	2.5760e-21
932.300	2.5733e-21
932.400	2.5713e-21
932.500	2.5677e-21
932.600	2.5617e-21
932.700	2.5503e-21
932.800	2.5405e-21
932.900	2.5326e-21
933.000	2.5280e-21
933.100	2.5240e-21
933.200	2.5195e-21
933.300	2.5166e-21
933.400	2.5147e-21
933.500	2.5127e-21
933.600	2.5104e-21
933.700	2.5062e-21
933.800	2.5019e-21
933.900	2.4977e-21
934.000	2.4932e-21
934.100	2.4893e-21
934.200	2.4866e-21
934.300	2.4857e-21
934.400	2.4857e-21
934.500	2.4851e-21
934.600	2.4825e-21
934.700	2.4772e-21
934.800	2.4702e-21
934.900	2.4632e-21
935.000	2.4595e-21
935.100	2.4576e-21
935.200	2.4558e-21
935.300	2.4533e-21
935.400	2.4459e-21
935.500	2.4348e-21
935.600	2.4194e-21
935.700	2.4042e-21
935.800	2.3898e-21
935.900	2.3789e-21
936.000	2.3688e-21
936.100	2.3587e-21
936.200	2.3461e-21
936.300	2.3308e-21
936.400	2.3159e-21
936.500	2.3017e-21
936.600	2.2893e-21
936.700	2.2761e-21
936.800	2.2614e-21
936.900	2.2440e-21
937.000	2.2244e-21
937.100	2.2033e-21
937.200	2.1828e-21
937.300	2.1636e-21
937.400	2.1475e-21
937.500	2.1333e-21
937.600	2.1191e-21
937.700	2.1035e-21
937.800	2.0844e-21
937.900	2.0651e-21
938.000	2.0461e-21
938.100	2.0301e-21
938.200	2.0166e-21
938.300	2.0058e-21
938.400	1.9963e-21
938.500	1.9880e-21
938.600	1.9809e-21
938.700	1.9750e-21
938.800	1.9707e-21
938.900	1.9665e-21
939.000	1.9615e-21
939.100	1.9612e-21
939.200	1.9639e-21
939.300	1.9733e-21
939.400	1.9881e-21
939.500	2.0029e-21
939.600	2.0175e-21
939.700	2.0320e-21
939.800	2.0492e-21
939.900	2.0693e-21
940.000	2.0934e-21
940.100	2.1213e-21
940.200	2.1535e-21
940.300	2.1840e-21
940.400	2.2130e-21
940.500	2.2400e-21
940.600	2.2681e-21
940.700	2.2998e-21
940.800	2.3316e-21
940.900	2.3630e-21
941.000	2.3928e-21
941.100	2.4219e-21
941.200	2.4515e-21
941.300	2.4800e-21
941.400	2.5072e-21
941.500	2.5331e-21
941.600	2.5578e-21
941.700	2.5815e-21
941.800	2.6029e-21
941.900	2.6217e-21
942.000	2.6392e-21
942.100	2.6557e-21
942.200	2.6727e-21
942.300	2.6890e-21
942.400	2.7042e-21
942.500	2.7167e-21
942.600	2.7269e-21
942.700	2.7346e-21
942.800	2.7396e-21
942.900	2.7423e-21
943.000	2.7429e-21
943.100	2.7429e-21
943.200	2.7429e-21
943.300	2.7429e-21
943.400	2.7429e-21
943.500	2.7429e-21
943.600	2.7429e-21
943.700	2.7423e-21
943.800	2.7397e-21
943.900	2.7346e-21
944.000	2.7273e-21
944.100	2.7189e-21
944.200	2.7104e-21
944.300	2.7020e-21
944.400	2.6936e-21
944.500	2.6852e-21
944.600	2.6768e-21
944.700	2.6684e-21
944.800	2.6598e-21
944.900	2.6526e-21
945.000	2.6467e-21
945.100	2.6425e-21
945.200	2.6380e-21
945.300	2.6316e-21
945.400	2.6252e-21
945.500	2.6189e-21
945.600	2.6129e-21
945.700	2.6061e-21
945.800	2.5953e-21
945.900	2.5851e-21
946.000	2.5763e-21
946.100	2.5728e-21
946.200	2.5714e-21
946.300	2.5714e-21
946.400	2.5714e-21
946.500	2.5714e-21
946.600	2.5709e-21
946.700	2.5682e-21
946.800	2.5618e-21
946.900	2.5512e-21
947.000	2.5363e-21
947.100	2.5208e-21
947.200	2.5059e-21
947.300	2.4958e-21
947.400	2.4888e-21
947.500	2.4847e-21
947.600	2.4801e-21
947.700	2.4737e-21
947.800	2.4660e-21
947.900	2.4573e-21
948.000	2.4486e-21
948.100	2.4407e-21
948.200	2.4333e-21
948.300	2.4321e-21
948.400	2.4321e-21
948.500	2.4370e-21
948.600	2.4434e-21
948.700	2.4459e-21
948.800	2.4450e-21
948.900	2.4372e-21
949.000	2.4316e-21
949.100	2.4286e-21
949.200	2.4286e-21
949.300	2.4286e-21
949.400	2.4286e-21
949.500	2.4286e-21
949.600	2.4286e-21
949.700	2.4257e-21
949.800	2.4199e-21
949.900	2.4106e-21
950.000	2.4041e-21
950.100	2.4001e-21
950.200	2.4000e-21
950.300	2.4001e-21
950.400	2.4040e-21
950.500	2.4100e-21
950.600	2.4173e-21
950.700	2.4170e-21
950.800	2.4142e-21
950.900	2.4077e-21
951.000	2.4026e-21
951.100	2.4003e-21
951.200	2.4000e-21
951.300	2.4000e-21
951.400	2.4000e-21
951.500	2.4000e-21
951.600	2.4000e-21
951.700	2.4000e-21
951.800	2.4000e-21
951.900	2.4000e-21
952.000	2.4000e-21
952.100	2.4000e-21
952.200	2.4000e-21
952.300	2.4000e-21
952.400	2.4000e-21
952.500	2.4000e-21
952.600	2.4000e-21
952.700	2.4000e-21
952.800	2.4000e-21
952.900	2.4000e-21
953.000	2.4000e-21
953.100	2.4000e-21
953.200	2.4000e-21
953.300	2.4019e-21
953.400	2.4057e-21
953.500	2.4126e-21
953.600	2.4192e-21
953.700	2.4252e-21
953.800	2.4293e-21
953.900	2.4340e-21
954.000	2.4403e-21
954.100	2.4479e-21
954.200	2.4566e-21
954.300	2.4653e-21
954.400	2.4731e-21
954.500	2.4800e-21
954.600	2.4835e-21
954.700	2.4854e-21
954.800	2.4872e-21
954.900	2.4898e-21
955.000	2.4978e-21
955.100	2.5077e-21
955.200	2.5186e-21
955.300	2.5274e-21
955.400	2.5358e-21
955.500	2.5463e-21
955.600	2.5565e-21
955.700	2.5657e-21
955.800	2.5694e-21
955.900	2.5712e-21
956.000	2.5730e-21
956.100	2.5758e-21
956.200	2.5842e-21
956.300	2.5942e-21
956.400	2.6050e-21
956.500	2.6142e-21
956.600	2.6220e-21
956.700	2.6291e-21
956.800	2.6331e-21
956.900	2.6349e-21
957.000	2.6380e-21
957.100	2.6427e-21
957.200	2.6505e-21
957.300	2.6593e-21
957.400	2.6677e-21
957.500	2.6763e-21
957.600	2.6846e-21
957.700	2.6913e-21
957.800	2.6974e-21
957.900	2.7033e-21
958.000	2.7111e-21
958.100	2.7220e-21
958.200	2.7339e-21
958.300	2.7470e-21
958.400	2.7613e-21
958.500	2.7769e-21
958.600	2.7940e-21
958.700	2.8101e-21
958.800	2.8242e-21
958.900	2.8335e-21
959.000	2.8408e-21
959.100	2.8467e-21
959.200	2.8547e-21
959.300	2.8657e-21
959.400	2.8777e-21
959.500	2.8908e-21
959.600	2.9052e-21
959.700	2.9209e-21
959.800	2.9381e-21
959.900	2.9536e-21
960.000	2.9679e-21
960.100	2.9804e-21
960.200	2.9934e-21
960.300	3.0085e-21
960.400	3.0225e-21
960.500	3.0347e-21
960.600	3.0420e-21
960.700	3.0473e-21
960.800	3.0513e-21
960.900	3.0562e-21
961.000	3.0627e-21
961.100	3.0711e-21
961.200	3.0790e-21
961.300	3.0843e-21
961.400	3.0855e-21
961.500	3.0832e-21
961.600	3.0789e-21
961.700	3.0717e-21
961.800	3.0636e-21
961.900	3.0550e-21
962.000	3.0468e-21
962.100	3.0374e-21
962.200	3.0266e-21
962.300	3.0155e-21
962.400	3.0061e-21
962.500	3.0000e-21
962.600	2.9932e-21
962.700	2.9847e-21
962.800	2.9723e-21
962.900	2.9605e-21
963.000	2.9550e-21
963.100	2.9551e-21
963.200	2.9731e-21
963.300	3.0034e-21
963.400	3.0530e-21
963.500	3.1158e-21
963.600	3.1867e-21
963.700	3.2594e-21
963.800	3.3256e-21
963.900	3.3854e-21
964.000	3.4421e-21
964.100	3.4946e-21
964.200	3.5462e-21
964.300	3.5776e-21
964.400	3.5951e-21
964.500	3.5937e-21
964.600	3.5858e-21
964.700	3.5793e-21
964.800	3.5605e-21
964.900	3.4537e-21
965.000	3.2885e-21
965.100	3.0674e-21
965.200	2.9046e-21
965.300	2.7877e-21
965.400	2.7177e-21
965.500	2.6564e-21
965.600	2.6002e-21
965.700	2.5571e-21
965.800	2.5230e-21
965.900	2.4962e-21
966.000	2.4750e-21
966.100	2.4579e-21
966.200	2.4474e-21
966.300	2.4397e-21
966.400	2.4318e-21
966.500	2.4221e-21
966.600	2.4072e-21
966.700	2.3911e-21
966.800	2.3741e-21
966.900	2.3571e-21
967.000	2.3407e-21
967.100	2.3257e-21
967.200	2.3122e-21
967.300	2.3000e-21
967.400	2.2863e-21
967.500	2.2710e-21
967.600	2.2527e-21
967.700	2.2327e-21
967.800	2.2114e-21
967.900	2.1915e-21
968.000	2.1729e-21
968.100	2.1561e-21
968.200	2.1391e-21
968.300	2.1204e-21
968.400	2.1005e-21
968.500	2.0793e-21
968.600	2.0569e-21
968.700	2.0333e-21
968.800	2.0079e-21
968.900	1.9834e-21
969.000	1.9602e-21
969.100	1.9397e-21
969.200	1.9216e-21
969.300	1.9066e-21
969.400	1.8923e-21
969.500	1.8778e-21
969.600	1.8619e-21
969.700	1.8448e-21
969.800	1.8293e-21
969.900	1.8157e-21
970.000	1.8043e-21
970.100	1.7972e-21
970.200	1.7931e-21
970.300	1.7940e-21
970.400	1.7966e-21
970.500	1.7992e-21
970.600	1.7996e-21
970.700	1.7950e-21
970.800	1.7865e-21
970.900	1.7722e-21
971.000	1.7560e-21
971.100	1.7388e-21
971.200	1.7220e-21
971.300	1.7052e-21
971.400	1.6885e-21
971.500	1.6717e-21
971.600	1.6549e-21
971.700	1.6382e-21
971.800	1.6214e-21
971.900	1.6046e-21
972.000	1.5879e-21
972.100	1.5711e-21
972.200	1.5546e-21
972.300	1.5372e-21
972.400	1.5183e-21
972.500	1.4980e-21
972.600	1.4768e-21
972.700	1.4577e-21
972.800	1.4390e-21
972.900	1.4206e-21
973.000	1.3995e-21
973.100	1.3758e-21
973.200	1.3545e-21
973.300	1.3382e-21
973.400	1.3290e-21
973.500	1.3228e-21
973.600	1.3182e-21
973.700	1.3179e-21
973.800	1.3179e-21
973.900	1.3212e-21
974.000	1.3262e-21
974.100	1.3304e-21
974.200	1.3347e-21
974.300	1.3389e-21
974.400	1.3413e-21
974.500	1.3432e-21
974.600	1.3450e-21
974.700	1.3489e-21
974.800	1.3582e-21
974.900	1.3693e-21
975.000	1.3829e-21
975.100	1.3984e-21
975.200	1.4185e-21
975.300	1.4461e-21
975.400	1.4793e-21
975.500	1.5190e-21
975.600	1.5644e-21
975.700	1.6167e-21
975.800	1.6772e-21
975.900	1.7427e-21
976.000	1.8129e-21
976.100	1.8848e-21
976.200	1.9596e-21
976.300	2.0387e-21
976.400	2.1205e-21
976.500	2.2046e-21
976.600	2.2898e-21
976.700	2.3762e-21
976.800	2.4636e-21
976.900	2.5529e-21
977.000	2.6443e-21
977.100	2.7431e-21
977.200	2.8499e-21
977.300	2.9637e-21
977.400	3.0855e-21
977.500	3.2161e-21
977.600	3.3563e-21
977.700	3.5067e-21
977.800	3.6663e-21
977.900	3.8322e-21
978.000	4.0016e-21
978.100	4.1640e-21
978.200	4.3163e-21
978.300	4.4631e-21
978.400	4.6070e-21
978.500	4.7539e-21
978.600	4.9063e-21
978.700	5.0664e-21
978.800	5.2306e-21
978.900	5.4164e-21
979.000	5.7615e-21
979.100	6.2626e-21
979.200	6.9507e-21
979.300	7.5332e-21
979.400	7.9818e-21
979.500	8.3048e-21
979.600	8.5902e-21
979.700	8.9349e-21
979.800	9.3339e-21
979.900	9.8044e-21
980.000	1.0350e-20
980.100	1.0952e-20
980.200	1.1528e-20
980.300	1.2049e-20
980.400	1.2476e-20
980.500	1.2993e-20
980.600	1.3626e-20
980.700	1.4382e-20
980.800	1.5024e-20
980.900	1.5413e-20
981.000	1.5463e-20
981.100	1.5166e-20
981.200	1.4642e-20
981.300	1.3870e-20
981.400	1.3138e-20
981.500	1.2458e-20
981.600	1.1870e-20
981.700	1.1213e-20
981.800	1.0498e-20
981.900	9.7868e-21
982.000	9.1197e-21
982.100	8.5358e-21
982.200	7.9885e-21
982.300	7.4755e-21
982.400	7.0660e-21
982.500	6.6441e-21
982.600	5.9722e-21
982.700	5.3337e-21
982.800	4.8139e-21
982.900	4.3169e-21
983.000	3.7692e-21
983.100	3.0313e-21
983.200	2.5107e-21
983.300	2.2770e-21
983.400	2.0772e-21
983.500	1.9008e-21
983.600	1.7586e-21
983.700	1.6404e-21
983.800	1.5400e-21
983.900	1.4572e-21
984.000	1.3897e-21
984.100	1.3525e-21
984.200	1.3357e-21
984.300	1.3487e-21
984.400	1.3742e-21
984.500	1.4178e-21
984.600	1.4688e-21
984.700	1.5278e-21
984.800	1.5919e-21
984.900	1.6572e-21
985.000	1.7205e-21
985.100	1.7812e-21
985.200	1.8394e-21
985.300	1.8976e-21
985.400	1.9522e-21
985.500	2.0018e-21
985.600	2.0386e-21
985.700	2.0650e-21
985.800	2.0701e-21
985.900	2.0714e-21
986.000	2.0647e-21
986.100	2.0543e-21
986.200	2.0440e-21
986.300	2.0313e-21
986.400	2.0160e-21
986.500	1.9998e-21
986.600	1.9824e-21
986.700	1.9642e-21
986.800	1.9427e-21
986.900	1.9170e-21
987.000	1.8861e-21
987.100	1.8510e-21
987.200	1.8137e-21
987.300	1.7750e-21
987.400	1.7354e-21
987.500	1.6916e-21
987.600	1.6446e-21
987.700	1.5977e-21
987.800	1.5535e-21
987.900	1.5139e-21
988.000	1.4744e-21
988.100	1.4346e-21
988.200	1.3945e-21
988.300	1.3551e-21
988.400	1.3171e-21
988.500	1.2802e-21
988.600	1.2446e-21
988.700	1.2118e-21
988.800	1.1811e-21
988.900	1.1514e-21
989.000	1.1229e-21
989.100	1.0956e-21
989.200	1.0696e-21
989.300	1.0447e-21
989.400	1.0209e-21
989.500	9.9908e-22
989.600	9.7982e-22
989.700	9.6316e-22
989.800	9.4881e-22
989.900	9.3702e-22
990.000	9.2774e-22
990.100	9.2061e-22
990.200	9.1662e-22
990.300	9.1444e-22
990.400	9.1429e-22
990.500	9.1429e-22
990.600	9.1429e-22
990.700	9.1429e-22
990.800	9.1429e-22
990.900	9.1429e-22
991.000	9.1429e-22
991.100	9.1429e-22
991.200	9.1429e-22
991.300	9.1429e-22
991.400	9.1429e-22
991.500	9.1429e-22
991.600	9.1342e-22
991.700	9.1045e-22
991.800	9.0132e-22
991.900	8.8728e-22
992.000	8.6765e-22
992.100	8.4733e-22
992.200	8.2598e-22
992.300	8.0363e-22
992.400	7.7928e-22
992.500	7.5182e-22
992.600	7.2424e-22
992.700	6.9698e-22
992.800	6.7164e-22
992.900	6.4633e-22
993.000	6.1909e-22
993.100	5.9161e-22
993.200	5.6425e-22
993.300	5.3831e-22
993.400	5.1362e-22
993.500	4.9016e-22
993.600	4.6800e-22
993.700	4.4719e-22
993.800	4.2629e-22
993.900	4.0533e-22
994.000	3.8438e-22
994.100	3.6336e-22
994.200	3.4188e-22
994.300	3.2275e-22
994.400	3.0623e-22
994.500	2.9460e-22
994.600	2.8467e-22
994.700	2.7419e-22
994.800	2.6362e-22
994.900	2.5298e-22
995.000	2.4412e-22
995.100	2.3582e-22
995.200	2.2528e-22
995.300	2.1518e-22
995.400	2.0635e-22
995.500	2.0090e-22
995.600	1.9702e-22
995.700	1.9118e-22
995.800	1.8458e-22
995.900	1.7755e-22
996.000	1.7376e-22
996.100	1.7189e-22
996.200	1.6996e-22
996.300	1.6768e-22
996.400	1.6362e-22
996.500	1.5922e-22
996.600	1.5503e-22
996.700	1.5062e-22
996.800	1.4658e-22
996.900	1.4431e-22
997.000	1.4236e-22
997.100	1.4042e-22
997.200	1.3721e-22
997.300	1.3266e-22
997.400	1.2980e-22
997.500	1.2857e-22
997.600	1.2857e-22
997.700	1.2857e-22
997.800	1.2857e-22
997.900	1.2857e-22
998.000	1.2857e-22
998.100	1.2857e-22
998.200	1.2857e-22
998.300	1.2857e-22
998.400	1.2781e-22
998.500	1.2520e-22
998.600	1.2262e-22
998.700	1.2143e-22
998.800	1.2143e-22
998.900	1.2090e-22
999.000	1.1833e-22
999.100	1.1577e-22
999.200	1.1429e-22
999.300	1.1429e-22
999.400	1.1400e-22
999.500	1.1162e-22
999.600	1.0795e-22
999.700	1.0362e-22
999.800	1.0089e-22
999.900	1.0000e-22
1000.000	1.0000e-22
1000.100	1.0000e-22
1000.200	1.0000e-22
1000.300	1.0000e-22
1000.400	1.0000e-22
1000.500	1.0000e-22
1000.600	1.0000e-22
1000.700	1.0000e-22
1000.800	9.7504e-23
1000.900	9.4308e-23
1001.000	9.1216e-23
1001.100	8.8225e-23
1001.200	8.5333e-23
1001.300	8.2535e-23
1001.400	7.9830e-23
1001.500	7.7213e-23
1001.600	7.4681e-23
1001.700	7.2233e-23
1001.800	6.9865e-23
1001.900	6.7574e-23
1002.000	6.5359e-23
1002.100	6.3216e-23
1002.200	6.1144e-23
1002.300	5.9139e-23
1002.400	5.7200e-23
1002.500	5.5325e-23
1002.600	5.3511e-23
1002.700	5.1757e-23
1002.800	5.0060e-23
1002.900	4.8419e-23
1003.000	4.6832e-23
1003.100	4.5296e-23
1003.200	4.3811e-23
1003.300	4.2375e-23
1003.400	4.0986e-23
1003.500	3.9642e-23
1003.600	3.8343e-23
1003.700	3.7086e-23
1003.800	3.5870e-23
1003.900	3.4694e-23
1004.000	3.3556e-23
1004.100	3.2456e-23
1004.200	3.1392e-23
1004.300	3.0363e-23
1004.400	2.9368e-23
1004.500	2.8405e-23
1004.600	2.7474e-23
1004.700	2.6573e-23
1004.800	2.5702e-23
1004.900	2.4859e-23
1005.000	2.4044e-23
1005.100	2.3256e-23
1005.200	2.2494e-23
1005.300	2.1756e-23
1005.400	2.1043e-23
1005.500	2.0353e-23
1005.600	1.9686e-23
1005.700	1.9040e-23
1005.800	1.8416e-23
1005.900	1.7812e-23
1006.000	1.7228e-23
1006.100	1.6664e-23
1006.200	1.6117e-23
1006.300	1.5589e-23
1006.400	1.5078e-23
1006.500	1.4584e-23
1006.600	1.4105e-23
1006.700	1.3643e-23
1006.800	1.3196e-23
1006.900	1.2763e-23
1007.000	1.2345e-23
1007.100	1.1940e-23
1007.200	1.1549e-23
1007.300	1.1170e-23
1007.400	1.0804e-23
1007.500	1.0450e-23
1007.600	1.0107e-23
1007.700	9.7757e-24
1007.800	9.4552e-24
1007.900	9.1452e-24
1008.000	8.8454e-24
1008.100	8.5554e-24
1008.200	8.2749e-24
1008.300	8.0036e-24
1008.400	7.7412e-24
1008.500	7.4875e-24
1008.600	7.2420e-24
1008.700	7.0046e-24
1008.800	6.7749e-24
1008.900	6.5528e-24
1009.000	6.3380e-24
1009.100	6.1302e-24
1009.200	5.9292e-24
1009.300	5.7349e-24
1009.400	5.5468e-24
1009.500	5.3650e-24
1009.600	5.1891e-24
1009.700	5.0190e-24
1009.800	4.8544e-24
1009.900	4.6953e-24
1010.000	4.5414e-24
1010.100	4.3925e-24
1010.200	4.2485e-24
1010.300	4.1092e-24
1010.400	3.9745e-24
1010.500	3.8442e-24
1010.600	3.7182e-24
1010.700	3.5963e-24
1010.800	3.4784e-24
1010.900	3.3643e-24
1011.000	3.2540e-24
1011.100	3.1474e-24
1011.200	3.0442e-24
1011.300	2.9444e-24
1011.400	2.8478e-24
1011.500	2.7545e-24
1011.600	2.6642e-24
1011.700	2.5768e-24
1011.800	2.4924e-24
1011.900	2.4106e-24
1012.000	2.3316e-24
1012.100	2.2552e-24
1012.200	2.1812e-24
1012.300	2.1097e-24
1012.400	2.0406e-24
1012.500	1.9737e-24
1012.600	1.9090e-24
1012.700	1.8464e-24
1012.800	1.7859e-24
1012.900	1.7273e-24
1013.000	1.6707e-24
1013.100	1.6159e-24
1013.200	1.5629e-24
1013.300	1.5117e-24
1013.400	1.4621e-24
1013.500	1.4142e-24
1013.600	1.3678e-24
1013.700	1.3230e-24
1013.800	1.2796e-24
1013.900	1.2377e-24
1014.000	1.1971e-24
1014.100	1.1578e-24
1014.200	1.1199e-24
1014.300	1.0832e-24
1014.400	1.0477e-24
1014.500	1.0133e-24
1014.600	9.8010e-25
1014.700	9.4796e-25
1014.800	9.1689e-25
1014.900	8.8683e-25
1015.000	8.5775e-25
1015.100	8.2963e-25
1015.200	8.0243e-25
1015.300	7.7613e-25
1015.400	7.5068e-25
1015.500	7.2607e-25
1015.600	7.0227e-25
1015.700	6.7925e-25
1015.800	6.5698e-25
1015.900	6.3544e-25
1016.000	6.1461e-25
1016.100	5.9446e-25
1016.200	5.7497e-25
1016.300	5.5612e-25
1016.400	5.3789e-25
1016.500	5.2025e-25
1016.600	5.0320e-25
1016.700	4.8670e-25
1016.800	4.7075e-25
1016.900	4.5531e-25
1017.000	4.4039e-25
1017.100	4.2595e-25
1017.200	4.1198e-25
1017.300	3.9848e-25
1017.400	3.8541e-25
1017.500	3.7278e-25
1017.600	3.6056e-25
1017.700	3.4874e-25
1017.800	3.3730e-25
1017.900	3.2625e-25
1018.000	3.1555e-25
1018.100	3.0521e-25
1018.200	2.9520e-25
1018.300	2.8552e-25
1018.400	2.7616e-25
1018.500	2.6711e-25
1018.600	2.5835e-25
1018.700	2.4988e-25
1018.800	2.4169e-25
1018.900	2.3377e-25
1019.000	2.2610e-25
1019.100	2.1869e-25
1019.200	2.1152e-25
1019.300	2.0459e-25
1019.400	1.9788e-25
1019.500	1.9139e-25
1019.600	1.8512e-25
1019.700	1.7905e-25
1019.800	1.7318e-25
1019.900	1.6750e-25
1020.000	1.6201e-25
1020.100	1.5670e-25
1020.200	1.5156e-25
1020.300	1.4659e-25
1020.400	1.4179e-25
1020.500	1.3714e-25
1020.600	1.3264e-25
1020.700	1.2829e-25
1020.800	1.2409e-25
1020.900	1.2002e-25
1021.000	1.1608e-25
1021.100	1.1228e-25
1021.200	1.0860e-25
1021.300	1.0504e-25
1021.400	1.0159e-25
1021.500	9.8263e-26
1021.600	9.5042e-26
1021.700	9.1926e-26
1021.800	8.8912e-26
1021.900	8.5997e-26
1022.000	8.3178e-26
1022.100	8.0451e-26
1022.200	7.7814e-26
1022.300	7.5263e-26
1022.400	7.2795e-26
1022.500	7.0409e-26
1022.600	6.8100e-26
1022.700	6.5868e-26
1022.800	6.3708e-26
1022.900	6.1620e-26
1023.000	5.9600e-26
1023.100	5.7646e-26
1023.200	5.5756e-26
1023.300	5.3928e-26
1023.400	5.2160e-26
1023.500	5.0450e-26
1023.600	4.8796e-26
1023.700	4.7196e-26
1023.800	4.5649e-26
1023.900	4.4153e-26
1024.000	4.2705e-26
1024.100	4.1305e-26
1024.200	3.9951e-26
1024.300	3.8641e-26
1024.400	3.7374e-26
1024.500	3.6149e-26
1024.600	3.4964e-26
1024.700	3.3818e-26
1024.800	3.2709e-26
1024.900	3.1637e-26
1025.000	3.0600e-26
1025.100	2.9596e-26
1025.200	2.8626e-26
1025.300	2.7688e-26
1025.400	2.6780e-26
1025.500	2.5902e-26
1025.600	2.5053e-26
1025.700	2.4231e-26
1025.800	2.3437e-26
1025.900	2.2669e-26
1026.000	2.1926e-26
1026.100	2.1207e-26
1026.200	2.0511e-26
1026.300	1.9839e-26
1026.400	1.9189e-26
1026.500	1.8560e-26
1026.600	1.7951e-26
1026.700	1.7363e-26
1026.800	1.6793e-26
1026.900	1.6243e-26
1027.000	1.5710e-26
1027.100	1.5195e-26
1027.200	1.4697e-26
1027.300	1.4215e-26
1027.400	1.3749e-26
1027.500	1.3298e-26
1027.600	1.2863e-26
1027.700	1.2441e-26
1027.800	1.2033e-26
1027.900	1.1638e-26
1028.000	1.1257e-26
1028.100	1.0888e-26
1028.200	1.0531e-26
1028.300	1.0186e-26
1028.400	9.8518e-27
1028.500	9.5288e-27
1028.600	9.2164e-27
1028.700	8.9142e-27
1028.800	8.6220e-27
1028.900	8.3393e-27
1029.000	8.0659e-27
1029.100	7.8015e-27
1029.200	7.5457e-27
1029.300	7.2984e-27
1029.400	7.0591e-27
1029.500	6.8277e-27
1029.600	6.6038e-27
1029.700	6.3873e-27
1029.800	6.1779e-27
1029.900	5.9754e-27
1030.000	5.7795e-27
1030.100	5.5900e-27
1030.200	5.4068e-27
1030.300	5.2295e-27
1030.400	5.0581e-27
1030.500	4.8922e-27
1030.600	4.7319e-27
1030.700	4.5767e-27
1030.800	4.4267e-27
1030.900	4.2816e-27
1031.000	4.1412e-27
1031.100	4.0054e-27
1031.200	3.8741e-27
1031.300	3.7471e-27
1031.400	3.6243e-27
1031.500	3.5054e-27
1031.600	3.3905e-27
1031.700	3.2794e-27
1031.800	3.1719e-27
1031.900	3.0679e-27
1032.000	2.9673e-27
1032.100	2.8700e-27
1032.200	2.7759e-27
1032.300	2.6849e-27
1032.400	2.5969e-27
1032.500	2.5118e-27
1032.600	2.4294e-27
1032.700	2.3498e-27
1032.800	2.2727e-27
1032.900	2.1982e-27
1033.000	2.1262e-27
1033.100	2.0565e-27
1033.200	1.9890e-27
1033.300	1.9238e-27
1033.400	1.8608e-27
1033.500	1.7998e-27
1033.600	1.7408e-27
1033.700	1.6837e-27
1033.800	1.6285e-27
1033.900	1.5751e-27
1034.000	1.5235e-27
1034.100	1.4735e-27
1034.200	1.4252e-27
1034.300	1.3785e-27
1034.400	1.3333e-27
1034.500	1.2896e-27
1034.600	1.2473e-27
1034.700	1.2064e-27
1034.800	1.1669e-27
1034.900	1.1286e-27
1035.000	1.0916e-27
1035.100	1.0558e-27
1035.200	1.0212e-27
1035.300	9.8773e-28
1035.400	9.5534e-28
1035.500	9.2402e-28
1035.600	8.9373e-28
1035.700	8.6443e-28
1035.800	8.3609e-28
1035.900	8.0868e-28
1036.000	7.8217e-28
1036.100	7.5653e-28
1036.200	7.3173e-28
1036.300	7.0774e-28
1036.400	6.8453e-28
1036.500	6.6209e-28
1036.600	6.4039e-28
1036.700	6.1939e-28
1036.800	5.9909e-28
1036.900	5.7945e-28
1037.000	5.6045e-28
1037.100	5.4208e-28
1037.200	5.2430e-28
1037.300	5.0712e-28
1037.400	4.9049e-28
1037.500	4.7441e-28
1037.600	4.5886e-28
1037.700	4.4381e-28
1037.800	4.2926e-28
1037.900	4.1519e-28
1038.000	4.0158e-28
1038.100	3.8841e-28
1038.200	3.7568e-28
1038.300	3.6336e-28
1038.400	3.5145e-28
1038.500	3.3993e-28
1038.600	3.2879e-28
1038.700	3.1801e-28
1038.800	3.0758e-28
1038.900	2.9750e-28
1039.000	2.8774e-28
1039.100	2.7831e-28
1039.200	2.6919e-28
1039.300	2.6036e-28
1039.400	2.5183e-28
1039.500	2.4357e-28
1039.600	2.3559e-28
1039.700	2.2786e-28
1039.800	2.2039e-28
1039.900	2.1317e-28
1040.000	2.0618e-28
1040.100	1.9942e-28
1040.200	1.9288e-28
1040.300	1.8656e-28
1040.400	1.8044e-28
1040.500	1.7453e-28
1040.600	1.6880e-28
1040.700	1.6327e-28
1040.800	1.5792e-28
1040.900	1.5274e-28
1041.000	1.4773e-28
1041.100	1.4289e-28
1041.200	1.3821e-28
1041.300	1.3367e-28
1041.400	1.2929e-28
1041.500	1.2505e-28
1041.600	1.2095e-28
1041.700	1.1699e-28
1041.800	1.1315e-28
1041.900	1.0944e-28
1042.000	1.0586e-28
1042.100	1.0238e-28
1042.200	9.9028e-29
1042.300	9.5782e-29
1042.400	9.2642e-29
1042.500	8.9605e-29
1042.600	8.6667e-29
1042.700	8.3826e-29
1042.800	8.1078e-29
1042.900	7.8419e-29
1043.000	7.5849e-29
1043.100	7.3362e-29
1043.200	7.0957e-29
1043.300	6.8631e-29
1043.400	6.6381e-29
1043.500	6.4204e-29
1043.600	6.2100e-29
1043.700	6.0064e-29
1043.800	5.8095e-29
1043.900	5.6190e-29
1044.000	5.4348e-29
1044.100	5.2566e-29
1044.200	5.0843e-29
1044.300	4.9176e-29
1044.400	4.7564e-29
1044.500	4.6004e-29
1044.600	4.4496e-29
1044.700	4.3038e-29
1044.800	4.1627e-29
1044.900	4.0262e-29
1045.000	3.8942e-29
1045.100	3.7665e-29
1045.200	3.6430e-29
1045.300	3.5236e-29
1045.400	3.4081e-29
1045.500	3.2964e-29
1045.600	3.1883e-29
1045.700	3.0838e-29
1045.800	2.9827e-29
1045.900	2.8849e-29
1046.000	2.7903e-29
1046.100	2.6988e-29
1046.200	2.6104e-29
1046.300	2.5248e-29
1046.400	2.4420e-29
1046.500	2.3619e-29
1046.600	2.2845e-29
1046.700	2.2096e-29
1046.800	2.1372e-29
1046.900	2.0671e-29
1047.000	1.9993e-29
1047.100	1.9338e-29
1047.200	1.8704e-29
1047.300	1.8091e-29
1047.400	1.7498e-29
1047.500	1.6924e-29
1047.600	1.6369e-29
1047.700	1.5833e-29
1047.800	1.5314e-29
1047.900	1.4812e-29
1048.000	1.4326e-29
1048.100	1.3856e-29
1048.200	1.3402e-29
1048.300	1.2963e-29
1048.400	1.2538e-29
1048.500	1.2127e-29
1048.600	1.1729e-29
1048.700	1.1345e-29
1048.800	1.0973e-29
1048.900	1.0613e-29
1049.000	1.0265e-29
1049.100	9.9285e-30
1049.200	9.6030e-30
1049.300	9.2881e-30
1049.400	8.9836e-30
1049.500	8.6891e-30
1049.600	8.4043e-30
1049.700	8.1287e-30
1049.800	7.8622e-30
1049.900	7.6045e-30
1050.000	7.3552e-30
1050.100	7.1141e-30
1050.200	6.8808e-30
1050.300	6.6552e-30
1050.400	6.4371e-30
1050.500	6.2260e-30
1050.600	6.0219e-30
1050.700	5.8245e-30
1050.800	5.6335e-30
1050.900	5.4489e-30
1051.000	5.2702e-30
1051.100	5.0974e-30
1051.200	4.9303e-30
1051.300	4.7687e-30
1051.400	4.6124e-30
1051.500	4.4611e-30
1051.600	4.3149e-30
1051.700	4.1734e-30
1051.800	4.0366e-30
1051.900	3.9043e-30
1052.000	3.7763e-30
1052.100	3.6525e-30
1052.200	3.5327e-30
1052.300	3.4169e-30
1052.400	3.3049e-30
1052.500	3.1966e-30
1052.600	3.0918e-30
1052.700	2.9904e-30
1052.800	2.8924e-30
1052.900	2.7975e-30
1053.000	2.7058e-30
1053.100	2.6171e-30
1053.200	2.5313e-30
1053.300	2.4483e-30
1053.400	2.3681e-30
1053.500	2.2904e-30
1053.600	2.2153e-30
1053.700	2.1427e-30
1053.800	2.0725e-30
1053.900	2.0045e-30
1054.000	1.9388e-30
1054.100	1.8752e-30
1054.200	1.8138e-30
1054.300	1.7543e-30
1054.400	1.6968e-30
1054.500	1.6412e-30
1054.600	1.5874e-30
1054.700	1.5353e-30
1054.800	1.4850e-30
1054.900	1.4363e-30
1055.000	1.3892e-30
1055.100	1.3437e-30
1055.200	1.2996e-30
1055.300	1.2570e-30
1055.400	1.2158e-30
1055.500	1.1759e-30
1055.600	1.1374e-30
1055.700	1.1001e-30
1055.800	1.0640e-30
1055.900	1.0292e-30
1056.000	9.9542e-31
1056.100	9.6278e-31
1056.200	9.3122e-31
1056.300	9.0069e-31
1056.400	8.7116e-31
1056.500	8.4260e-31
1056.600	8.1498e-31
1056.700	7.8826e-31
1056.800	7.6242e-31
1056.900	7.3742e-31
1057.000	7.1325e-31
1057.100	6.8986e-31
1057.200	6.6725e-31
1057.300	6.4537e-31
1057.400	6.2421e-31
1057.500	6.0375e-31
1057.600	5.8396e-31
1057.700	5.6481e-31
1057.800	5.4630e-31
1057.900	5.2839e-31
1058.000	5.1106e-31
1058.100	4.9431e-31
1058.200	4.7810e-31
1058.300	4.6243e-31
1058.400	4.4727e-31
1058.500	4.3261e-31
1058.600	4.1842e-31
1058.700	4.0471e-31
1058.800	3.9144e-31
1058.900	3.7861e-31
1059.000	3.6619e-31
1059.100	3.5419e-31
1059.200	3.4258e-31
1059.300	3.3135e-31
1059.400	3.2048e-31
1059.500	3.0998e-31
1059.600	2.9981e-31
1059.700	2.8998e-31
1059.800	2.8048e-31
1059.900	2.7128e-31
1060.000	2.6239e-31
1060.100	2.5379e-31
1060.200	2.4547e-31
1060.300	2.3742e-31
1060.400	2.2964e-31
1060.500	2.2211e-31
1060.600	2.1483e-31
1060.700	2.0778e-31
1060.800	2.0097e-31
1060.900	1.9438e-31
1061.000	1.8801e-31
1061.100	1.8185e-31
1061.200	1.7588e-31
1061.300	1.7012e-31
1061.400	1.6454e-31
1061.500	1.5915e-31
1061.600	1.5393e-31
1061.700	1.4888e-31
1061.800	1.4400e-31
1061.900	1.3928e-31
1062.000	1.3471e-31
1062.100	1.3030e-31
1062.200	1.2603e-31
1062.300	1.2190e-31
1062.400	1.1790e-31
1062.500	1.1403e-31
1062.600	1.1030e-31
1062.700	1.0668e-31
1062.800	1.0318e-31
1062.900	9.9799e-32
1063.000	9.6527e-32
1063.100	9.3363e-32
1063.200	9.0302e-32
1063.300	8.7342e-32
1063.400	8.4478e-32
1063.500	8.1709e-32
1063.600	7.9030e-32
1063.700	7.6439e-32
1063.800	7.3933e-32
1063.900	7.1509e-32
1064.000	6.9165e-32
1064.100	6.6897e-32
1064.200	6.4704e-32
1064.300	6.2583e-32
1064.400	6.0531e-32
1064.500	5.8547e-32
1064.600	5.6627e-32
1064.700	5.4771e-32
1064.800	5.2975e-32
1064.900	5.1239e-32
1065.000	4.9559e-32
1065.100	4.7934e-32
1065.200	4.6363e-32
1065.300	4.4843e-32
1065.400	4.3373e-32
1065.500	4.1951e-32
1065.600	4.0575e-32
1065.700	3.9245e-32
1065.800	3.7959e-32
1065.900	3.6714e-32
1066.000	3.5510e-32
1066.100	3.4346e-32
1066.200	3.3220e-32
1066.300	3.2131e-32
1066.400	3.1078e-32
1066.500	3.0059e-32
1066.600	2.9074e-32
1066.700	2.8120e-32
1066.800	2.7198e-32
1066.900	2.6307e-32
1067.000	2.5444e-32
1067.100	2.4610e-32
1067.200	2.3803e-32
1067.300	2.3023e-32
1067.400	2.2268e-32
1067.500	2.1538e-32
1067.600	2.0832e-32
1067.700	2.0149e-32
1067.800	1.9489e-32
1067.900	1.8850e-32
1068.000	1.8232e-32
1068.100	1.7634e-32
1068.200	1.7056e-32
1068.300	1.6497e-32
1068.400	1.5956e-32
1068.500	1.5433e-32
1068.600	1.4927e-32
1068.700	1.4437e-32
1068.800	1.3964e-32
1068.900	1.3506e-32
1069.000	1.3064e-32
1069.100	1.2635e-32
1069.200	1.2221e-32
1069.300	1.1820e-32
1069.400	1.1433e-32
1069.500	1.1058e-32
1069.600	1.0696e-32
1069.700	1.0345e-32
1069.800	1.0006e-32
1069.900	9.6777e-33
1070.000	9.3605e-33
1070.100	9.0536e-33
1070.200	8.7568e-33
1070.300	8.4697e-33
1070.400	8.1920e-33
1070.500	7.9235e-33
1070.600	7.6637e-33
1070.700	7.4124e-33
1070.800	7.1694e-33
1070.900	6.9344e-33
1071.000	6.7071e-33
1071.100	6.4872e-33
1071.200	6.2745e-33
1071.300	6.0688e-33
1071.400	5.8698e-33
1071.500	5.6774e-33
1071.600	5.4913e-33
1071.700	5.3113e-33
1071.800	5.1371e-33
1071.900	4.9687e-33
1072.000	4.8058e-33
1072.100	4.6483e-33
1072.200	4.4959e-33
1072.300	4.3485e-33
1072.400	4.2059e-33
1072.500	4.0680e-33
1072.600	3.9347e-33
1072.700	3.8057e-33
1072.800	3.6809e-33
1072.900	3.5602e-33
1073.000	3.4435e-33
1073.100	3.3306e-33
1073.200	3.2214e-33
1073.300	3.1158e-33
1073.400	3.0137e-33
1073.500	2.9149e-33
1073.600	2.8193e-33
1073.700	2.7269e-33
1073.800	2.6375e-33
1073.900	2.5510e-33
1074.000	2.4674e-33
1074.100	2.3865e-33
1074.200	2.3083e-33
1074.300	2.2326e-33
1074.400	2.1594e-33
1074.500	2.0886e-33
1074.600	2.0201e-33
1074.700	1.9539e-33
1074.800	1.8898e-33
1074.900	1.8279e-33
1075.000	1.7680e-33
1075.100	1.7100e-33
1075.200	1.6539e-33
1075.300	1.5997e-33
1075.400	1.5473e-33
1075.500	1.4965e-33
1075.600	1.4475e-33
1075.700	1.4000e-33
1075.800	1.3541e-33
1075.900	1.3097e-33
1076.000	1.2668e-33
1076.100	1.2253e-33
1076.200	1.1851e-33
1076.300	1.1462e-33
1076.400	1.1087e-33
1076.500	1.0723e-33
1076.600	1.0372e-33
1076.700	1.0032e-33
1076.800	9.7028e-34
1076.900	9.3847e-34
1077.000	9.0770e-34
1077.100	8.7794e-34
1077.200	8.4916e-34
1077.300	8.2132e-34
1077.400	7.9440e-34
1077.500	7.6835e-34
1077.600	7.4316e-34
1077.700	7.1880e-34
1077.800	6.9523e-34
1077.900	6.7244e-34
1078.000	6.5040e-34
1078.100	6.2907e-34
1078.200	6.0845e-34
1078.300	5.8850e-34
1078.400	5.6921e-34
1078.500	5.5055e-34
1078.600	5.3250e-34
1078.700	5.1504e-34
1078.800	4.9816e-34
1078.900	4.8183e-34
1079.000	4.6603e-34
1079.100	4.5075e-34
1079.200	4.3597e-34
1079.300	4.2168e-34
1079.400	4.0786e-34
1079.500	3.9449e-34
1079.600	3.8155e-34
1079.700	3.6904e-34
1079.800	3.5695e-34
1079.900	3.4524e-34
1080.000	3.3392e-34
1080.100	3.2298e-34
1080.200	3.1239e-34
1080.300	3.0215e-34
1080.400	2.9224e-34
1080.500	2.8266e-34
1080.600	2.7339e-34
1080.700	2.6443e-34
1080.800	2.5576e-34
1080.900	2.4738e-34
1081.000	2.3927e-34
1081.100	2.3142e-34
1081.200	2.2384e-34
1081.300	2.1650e-34
1081.400	2.0940e-34
1081.500	2.0254e-34
1081.600	1.9590e-34
1081.700	1.8947e-34
1081.800	1.8326e-34
1081.900	1.7725e-34
1082.000	1.7144e-34
1082.100	1.6582e-34
1082.200	1.6039e-34
1082.300	1.5513e-34
1082.400	1.5004e-34
1082.500	1.4512e-34
1082.600	1.4037e-34
1082.700	1.3576e-34
1082.800	1.3131e-34
1082.900	1.2701e-34
1083.000	1.2284e-34
1083.100	1.1882e-34
1083.200	1.1492e-34
1083.300	1.1115e-34
1083.400	1.0751e-34
1083.500	1.0399e-34
1083.600	1.0058e-34
1083.700	9.7279e-35
1083.800	9.4090e-35
1083.900	9.1005e-35
1084.000	8.8022e-35
1084.100	8.5136e-35
1084.200	8.2345e-35
1084.300	7.9645e-35
1084.400	7.7034e-35
1084.500	7.4509e-35
1084.600	7.2066e-35
1084.700	6.9703e-35
1084.800	6.7418e-35
1084.900	6.5208e-35
1085.000	6.3070e-35
1085.100	6.1003e-35
1085.200	5.9003e-35
1085.300	5.7068e-35
1085.400	5.5197e-35
1085.500	5.3388e-35
1085.600	5.1638e-35
1085.700	4.9945e-35
1085.800	4.8307e-35
1085.900	4.6724e-35
1086.000	4.5192e-35
1086.100	4.3710e-35
1086.200	4.2277e-35
1086.300	4.0891e-35
1086.400	3.9551e-35
1086.500	3.8254e-35
1086.600	3.7000e-35
1086.700	3.5787e-35
1086.800	3.4614e-35
1086.900	3.3479e-35
1087.000	3.2381e-35
1087.100	3.1320e-35
1087.200	3.0293e-35
1087.300	2.9300e-35
1087.400	2.8339e-35
1087.500	2.7410e-35
1087.600	2.6512e-35
1087.700	2.5642e-35
1087.800	2.4802e-35
1087.900	2.3989e-35
1088.000	2.3202e-35
1088.100	2.2442e-35
1088.200	2.1706e-35
1088.300	2.0994e-35
1088.400	2.0306e-35
1088.500	1.9640e-35
1088.600	1.8996e-35
1088.700	1.8374e-35
1088.800	1.7771e-35
1088.900	1.7189e-35
1089.000	1.6625e-35
1089.100	1.6080e-35
1089.200	1.5553e-35
1089.300	1.5043e-35
1089.400	1.4550e-35
1089.500	1.4073e-35
1089.600	1.3612e-35
1089.700	1.3165e-35
1089.800	1.2734e-35
1089.900	1.2316e-35
1090.000	1.1912e-35
1090.100	1.1522e-35
1090.200	1.1144e-35
1090.300	1.0779e-35
1090.400	1.0425e-35
1090.500	1.0084e-35
1090.600	9.7531e-36
1090.700	9.4333e-36
1090.800	9.1241e-36
1090.900	8.8249e-36
1091.000	8.5356e-36
1091.100	8.2558e-36
1091.200	7.9851e-36
1091.300	7.7234e-36
1091.400	7.4702e-36
1091.500	7.2253e-36
1091.600	6.9884e-36
1091.700	6.7593e-36
1091.800	6.5377e-36
1091.900	6.3234e-36
1092.000	6.1160e-36
1092.100	5.9155e-36
1092.200	5.7216e-36
1092.300	5.5340e-36
1092.400	5.3526e-36
1092.500	5.1771e-36
1092.600	5.0074e-36
1092.700	4.8432e-36
1092.800	4.6845e-36
1092.900	4.5309e-36
1093.000	4.3823e-36
1093.100	4.2387e-36
1093.200	4.0997e-36
1093.300	3.9653e-36
1093.400	3.8353e-36
1093.500	3.7096e-36
1093.600	3.5880e-36
1093.700	3.4703e-36
1093.800	3.3566e-36
1093.900	3.2465e-36
1094.000	3.1401e-36
1094.100	3.0371e-36
1094.200	2.9376e-36
1094.300	2.8413e-36
1094.400	2.7481e-36
1094.500	2.6580e-36
1094.600	2.5709e-36
1094.700	2.4866e-36
1094.800	2.4051e-36
1094.900	2.3262e-36
1095.000	2.2500e-36
1095.100	2.1762e-36
1095.200	2.1049e-36
1095.300	2.0359e-36
1095.400	1.9691e-36
1095.500	1.9046e-36
1095.600	1.8421e-36
1095.700	1.7817e-36
1095.800	1.7233e-36
1095.900	1.6668e-36
1096.000	1.6122e-36
1096.100	1.5593e-36
1096.200	1.5082e-36
1096.300	1.4588e-36
1096.400	1.4109e-36
1096.500	1.3647e-36
1096.600	1.3199e-36
1096.700	1.2767e-36
1096.800	1.2348e-36
1096.900	1.1943e-36
1097.000	1.1552e-36
1097.100	1.1173e-36
1097.200	1.0807e-36
1097.300	1.0452e-36
1097.400	1.0110e-36
1097.500	9.7783e-37
1097.600	9.4578e-37
1097.700	9.1477e-37
1097.800	8.8478e-37
1097.900	8.5577e-37
1098.000	8.2772e-37
1098.100	8.0058e-37
1098.200	7.7434e-37
1098.300	7.4895e-37
1098.400	7.2440e-37
1098.500	7.0065e-37
1098.600	6.7768e-37
1098.700	6.5546e-37
1098.800	6.3397e-37
1098.900	6.1319e-37
1099.000	5.9309e-37
1099.100	5.7364e-37
1099.200	5.5484e-37
1099.300	5.3665e-37
1099.400	5.1905e-37
1099.500	5.0204e-37
1099.600	4.8558e-37
1099.700	4.6966e-37
1099.800	4.5426e-37
1099.900	4.3937e-37
1100.000	4.2496e-37
1100.100	4.1103e-37
1100.200	3.9756e-37
1100.300	3.8452e-37
1100.400	3.7192e-37
1100.500	3.5972e-37
1100.600	3.4793e-37
1100.700	3.3652e-37
1100.800	3.2549e-37
1100.900	3.1482e-37
1101.000	3.0450e-37
1101.100	2.9452e-37
1101.200	2.8486e-37
1101.300	2.7552e-37
1101.400	2.6649e-37
1101.500	2.5775e-37
1101.600	2.4930e-37
1101.700	2.4113e-37
1101.800	2.3323e-37
1101.900	2.2558e-37
1102.000	2.1818e-37
1102.100	2.1103e-37
1102.200	2.0411e-37
1102.300	1.9742e-37
1102.400	1.9095e-37
1102.500	1.8469e-37
1102.600	1.7863e-37
1102.700	1.7278e-37
1102.800	1.6711e-37
1102.900	1.6163e-37
1103.000	1.5634e-37
1103.100	1.5121e-37
1103.200	1.4625e-37
1103.300	1.4146e-37
1103.400	1.3682e-37
1103.500	1.3234e-37
1103.600	1.2800e-37
1103.700	1.2380e-37
1103.800	1.1974e-37
1103.900	1.1582e-37
1104.000	1.1202e-37
1104.100	1.0835e-37
1104.200	1.0479e-37
1104.300	1.0136e-37
1104.400	9.8036e-38
1104.500	9.4822e-38
1104.600	9.1714e-38
1104.700	8.8707e-38
1104.800	8.5799e-38
1104.900	8.2986e-38
1105.000	8.0265e-38
1105.100	7.7634e-38
1105.200	7.5089e-38
1105.300	7.2627e-38
1105.400	7.0246e-38
1105.500	6.7943e-38
1105.600	6.5716e-38
1105.700	6.3561e-38
1105.800	6.1478e-38
1105.900	5.9462e-38
1106.000	5.7513e-38
1106.100	5.5627e-38
1106.200	5.3803e-38
1106.300	5.2040e-38
1106.400	5.0334e-38
1106.500	4.8683e-38
1106.600	4.7087e-38
1106.700	4.5544e-38
1106.800	4.4051e-38
1106.900	4.2606e-38
1107.000	4.1210e-38
1107.100	3.9859e-38
1107.200	3.8552e-38
1107.300	3.7288e-38
1107.400	3.6066e-38
1107.500	3.4883e-38
1107.600	3.3740e-38
1107.700	3.2633e-38
1107.800	3.1564e-38
1107.900	3.0529e-38
1108.000	2.9528e-38
1108.100	2.8560e-38
1108.200	2.7624e-38
1108.300	2.6718e-38
1108.400	2.5842e-38
1108.500	2.4995e-38
1108.600	2.4175e-38
1108.700	2.3383e-38
1108.800	2.2616e-38
1108.900	2.1875e-38
1109.000	2.1158e-38
1109.100	2.0464e-38
1109.200	1.9793e-38
1109.300	1.9144e-38
1109.400	1.8517e-38
1109.500	1.7910e-38
1109.600	1.7322e-38
1109.700	1.6755e-38
1109.800	1.6205e-38
1109.900	1.5674e-38
1110.000	1.5160e-38
